1.623476160944207937e-15,1.158222890885568533e-15,2.720331578848772960e-15,1.158222890885568533e-15,2.774781343742339028e-15,1.469323901300536469e-15,2.720331578848772960e-15,1.469323901300536469e-15,2.940347346977143611e-15
2.011509232859306777e-15,1.545045864425405437e-15,3.492143171132871514e-15,1.545045864425405437e-15,3.546835436990738119e-15,1.833390621175257485e-15,3.492143171132871514e-15,1.833390621175257485e-15,3.704080083108830635e-15
2.553624237887379116e-15,2.084672253730432107e-15,4.582346732178393437e-15,2.084672253730432107e-15,4.624760434224857144e-15,2.367039454653384380e-15,4.582346732178393437e-15,2.367039454653384380e-15,4.783202817722681221e-15
3.319428127358701921e-15,2.848222030377385133e-15,6.111737611987799937e-15,2.848222030377385133e-15,6.148566216632115673e-15,3.097029037134773507e-15,6.111737611987799937e-15,3.097029037134773507e-15,6.296284754246982330e-15
4.392791191806747771e-15,3.917111573917057247e-15,8.267337604233466609e-15,3.917111573917057247e-15,8.283031384080244749e-15,4.147153128845932565e-15,8.267337604233466609e-15,4.147153128845932565e-15,8.429998658956250604e-15
5.889682864231110059e-15,5.431708595347065191e-15,1.130269751956489281e-14,5.431708595347065191e-15,1.128365667344773535e-14,5.621227823146546484e-15,1.130269751956489281e-14,5.621227823146546484e-15,1.142219344923621038e-14
8.003551234090652655e-15,7.547539438428437293e-15,1.555369886828537502e-14,7.547539438428437293e-15,1.549829821456159661e-14,7.678814084995203613e-15,1.555369886828537502e-14,7.678814084995203613e-15,1.562386580756953569e-14
1.095730549659989805e-14,1.049815346831857037e-14,2.148799756309898577e-14,1.049815346831857037e-14,2.138117461498969772e-14,1.055504612775995226e-14,2.148799756309898577e-14,1.055504612775995226e-14,2.149378863698513887e-14
1.505321649829750359e-14,1.460965998732859200e-14,2.974618415757617611e-14,1.460965998732859200e-14,2.955873413989149676e-14,1.456005785886600512e-14,2.974618415757617611e-14,1.456005785886600512e-14,2.965032304574034873e-14
2.074116298993118197e-14,2.030801996170812112e-14,4.119218876486723030e-14,2.030801996170812112e-14,4.090470458337804420e-14,2.010192007410963148e-14,4.119218876486723030e-14,2.010192007410963148e-14,4.096345252856353300e-14
2.852760141213114923e-14,2.812606502005398413e-14,5.688395781178757013e-14,2.812606502005398413e-14,5.645305026186997121e-14,2.769950430913300772e-14,5.688395781178757013e-14,2.769950430913300772e-14,5.646433860652515590e-14
3.909580897720295081e-14,3.873731445132303011e-14,7.819218309055688756e-14,3.873731445132303011e-14,7.755633642310713990e-14,3.803044050906291002e-14,7.819218309055688756e-14,3.803044050906291002e-14,7.751459542798910226e-14
5.323142959620141913e-14,5.292258050838277292e-14,1.066810370924596121e-13,5.292258050838277292e-14,1.057767076275379141e-13,5.182840551939536180e-14,1.066810370924596121e-13,5.182840551939536180e-14,1.056549810302119235e-13
7.178277471803013566e-14,7.152891772000542572e-14,1.440506776782436233e-13,7.152891772000542572e-14,1.427994636724194663e-13,6.992556096367613211e-14,1.440506776782436233e-13,6.992556096367613211e-14,1.425749152552080111e-13
9.547437367001104314e-14,9.530051794055265688e-14,1.917875366227452496e-13,9.530051794055265688e-14,1.900951758031285433e-13,9.305057455068262111e-14,1.917875366227452496e-13,9.305057455068262111e-14,1.897400096339629794e-13
1.248007418023304792e-13,1.247430813971884123e-13,2.509091330229258242e-13,1.247430813971884123e-13,2.486610849332727909e-13,1.216709888316415257e-13,2.509091330229258242e-13,1.216709888316415257e-13,2.481231162512069632e-13
1.597706224031863910e-13,1.599067300474538005e-13,3.214824061035803832e-13,1.599067300474538005e-13,3.185422472017779517e-13,1.558137062311726931e-13,3.214824061035803832e-13,1.558137062311726931e-13,3.177951702596925734e-13
1.997011094265162588e-13,2.000376325462129414e-13,4.020346655915858430e-13,2.000376325462129414e-13,3.983272581742906573e-13,1.947849293315091589e-13,4.020346655915858430e-13,1.947849293315091589e-13,3.973502836386128406e-13
2.433032663472468653e-13,2.438848500589504416e-13,4.900326136638194703e-13,2.438848500589504416e-13,4.854822469553560242e-13,2.373311828649346738e-13,4.900326136638194703e-13,2.373311828649346738e-13,4.842069316102521608e-13
2.889391129701553150e-13,2.898016121483124384e-13,5.821909200540908187e-13,2.898016121483124384e-13,5.767416516877208452e-13,2.818301364169679915e-13,5.821909200540908187e-13,2.818301364169679915e-13,5.751680080609991852e-13
3.350985949870772342e-13,3.364808311173011974e-13,6.757616768493791499e-13,3.364808311173011974e-13,6.693155936262981287e-13,3.270755226112980763e-13,6.757616768493791499e-13,3.270755226112980763e-13,6.674564098792699937e-13
3.805199777486695413e-13,3.823875729450065508e-13,7.679076451823988990e-13,3.823875729450065508e-13,7.604436959173481576e-13,3.713098881707350262e-13,7.679076451823988990e-13,3.713098881707350262e-13,7.581242899310801407e-13
4.248682594285603394e-13,4.276268242846006004e-13,8.584278189001332423e-13,4.276268242846006004e-13,8.498206938588346376e-13,4.146871191881958254e-13,8.584278189001332423e-13,4.146871191881958254e-13,8.470715931542481605e-13
4.687564000565525732e-13,4.730293474883174489e-13,9.490047624744341596e-13,4.730293474883174489e-13,9.391324209230663163e-13,4.580868504096107305e-13,9.490047624744341596e-13,4.580868504096107305e-13,9.358104216886712755e-13
5.132320494910585460e-13,5.193863790966734758e-13,1.040960503862430735e-12,5.193863790966734758e-13,1.029901493440057220e-12,5.011463071719335141e-13,1.040960503862430735e-12,5.011463071719335141e-13,1.025411701819659560e-12
5.548305205848131862e-13,5.615489643904705728e-13,1.126387581546352426e-12,5.615489643904705728e-13,1.113940417058437495e-12,5.416695512037423644e-13,1.126387581546352426e-12,5.416695512037423644e-13,1.109220623758089033e-12
6.002441749548076475e-13,6.095092609407711827e-13,1.220774211347963251e-12,6.095092609407711827e-13,1.207298208128720526e-12,5.843036674466002822e-13,1.220774211347963251e-12,5.843036674466002822e-13,1.201178534495830771e-12
6.580755385954759251e-13,6.758942183893018684e-13,1.351055310999238319e-12,6.758942183893018684e-13,1.332638577531796543e-12,6.471550759560706652e-13,1.351055310999238319e-12,6.471550759560706652e-13,1.325208756846229659e-12
7.073112602825750174e-13,7.362656867875729124e-13,1.465887451134946194e-12,7.362656867875729124e-13,1.442267512913508568e-12,6.965899966252250407e-13,1.465887451134946194e-12,6.965899966252250407e-13,1.431429660165533438e-12
7.278320378478031988e-13,7.452205864647373839e-13,1.492166497651708852e-12,7.452205864647373839e-13,1.474859716809207775e-12,7.021118719538668997e-13,1.492166497651708852e-12,7.021118719538668997e-13,1.461502666083561594e-12
8.363363384758379083e-13,8.831402418396124919e-13,1.759871482294963676e-12,8.831402418396124919e-13,1.722201127076821827e-12,8.326631233035332368e-13,1.759871482294963676e-12,8.326631233035332368e-13,1.708153651012051676e-12
1.044246199194273118e-12,1.184264473717269661e-12,2.318412236077461082e-12,1.184264473717269661e-12,2.233597752436952853e-12,1.119797269630838475e-12,2.318412236077461082e-12,1.119797269630838475e-12,2.215739436855967683e-12
1.007207359078370828e-12,1.103025194758337457e-12,2.176482019387185733e-12,1.103025194758337457e-12,2.116467323662635791e-12,1.007118316091638909e-12,2.176482019387185733e-12,1.007118316091638909e-12,2.087691562691014963e-12
9.648352192006080756e-13,9.942542448733413172e-13,2.004273429377987747e-12,9.942542448733413172e-13,1.977640204290894169e-12,8.794131976721539297e-13,2.004273429377987747e-12,8.794131976721539297e-13,1.945307390921413313e-12
1.791092072387486533e-12,2.295613974320798709e-12,4.399721372634573382e-12,2.295613974320798709e-12,4.101445991487301119e-12,2.167782020389645682e-12,4.399721372634573382e-12,2.167782020389645682e-12,4.068300002597051816e-12
2.393331676483143743e-12,3.296719610686166078e-12,6.240198670291151628e-12,3.296719610686166078e-12,5.728085770402717630e-12,3.150747672545959444e-12,6.240198670291151628e-12,3.150747672545959444e-12,5.679986798641735996e-12
1.393688780286284296e-12,1.566118176424828654e-12,3.109736004464423163e-12,1.566118176424828654e-12,3.014460446479568910e-12,1.251124496052177126e-12,3.109736004464423163e-12,1.251124496052177126e-12,2.918684060345524651e-12
2.243517114108149037e-12,2.852546808553853478e-12,5.507415811853067596e-12,2.852546808553853478e-12,5.184004458827317550e-12,2.509896011484673521e-12,5.507415811853067596e-12,2.509896011484673521e-12,5.056700425628103820e-12
6.074616276434030370e-12,9.724324844197368676e-12,1.797750048049093270e-11,9.724324844197368676e-12,1.595306042030318985e-11,9.484719862989633893e-12,1.797750048049093270e-11,9.484719862989633893e-12,1.584078085285382518e-11
5.419768952522816694e-12,8.400922034944486160e-12,1.576553554779187099e-11,8.400922034944486160e-12,1.401111952317902116e-11,8.074472492065870422e-12,1.576553554779187099e-11,8.074472492065870422e-12,1.391155896801966470e-11
1.967651744739385155e-12,1.507165510564066134e-12,3.382940500650397422e-12,1.507165510564066134e-12,3.740703947849726088e-12,3.910916417866096136e-13,3.382940500650397422e-12,3.910916417866096136e-13,3.352692702505596182e-12
8.999361149418717397e-12,1.513672666697141442e-11,2.767534255726921127e-11,1.513672666697141442e-11,2.446917810280194615e-11,1.379825646318180664e-11,2.767534255726921127e-11,1.379825646318180664e-11,2.406494848239591545e-11
1.731180520242851946e-11,3.179606463235783776e-11,5.757690821199878010e-11,3.179606463235783776e-11,4.951194322294424797e-11,3.069438348757050615e-11,5.757690821199878010e-11,3.069438348757050615e-11,4.916392582149400964e-11
9.213174019458297742e-12,1.227783238441812029e-11,2.402205745020486137e-11,1.227783238441812029e-11,2.226826575317257365e-11,9.891794393000867304e-12,2.402205745020486137e-11,9.891794393000867304e-12,2.146336227395839466e-11
6.854420598226075767e-12,6.412433322181288633e-12,1.341155799025559258e-11,6.412433322181288633e-12,1.449830170214046585e-11,1.406650643161575334e-12,1.341155799025559258e-11,1.406650643161575334e-12,1.255172817621920569e-11
3.095601747254563694e-11,5.822506793330016052e-11,1.039066570925878080e-10,5.822506793330016052e-11,9.056379048702145466e-11,5.200129939446721691e-11,1.039066570925878080e-10,5.200129939446721691e-11,8.877668535102273490e-11
3.640833186041122970e-11,6.641000944704879785e-11,1.200596265787504356e-10,6.641000944704879785e-11,1.049652726687354828e-10,5.825277483040854704e-11,1.200596265787504356e-10,5.825277483040854704e-11,1.023258062860941468e-10
1.393719205595808045e-11,5.008458639359979289e-12,2.466563673972131198e-11,5.008458639359979289e-12,2.212657439275992601e-11,8.518374437460108649e-12,2.466563673972131198e-11,8.518374437460108649e-12,2.560385884204557643e-11
3.344681460624655897e-11,3.955078383552106310e-11,8.112945977552110217e-11,3.955078383552106310e-11,7.752042146447976129e-11,2.510144793149636377e-11,8.112945977552110217e-11,2.510144793149636377e-11,7.288763439316995454e-11
8.389644682728869467e-11,1.501153923592520074e-10,2.758217399455766662e-10,1.501153923592520074e-10,2.397131483733664517e-10,1.353782629940474412e-10,2.758217399455766662e-10,1.353782629940474412e-10,2.357611300509164191e-10
6.660508394185262380e-11,9.122038024315356263e-11,1.736636216675622202e-10,9.122038024315356263e-11,1.665778236867936112e-10,5.291907326566121376e-11,1.736636216675622202e-10,5.291907326566121376e-11,1.504303664228062185e-10
4.227800229866605040e-11,1.276163601168168276e-11,9.705778452909557017e-11,1.276163601168168276e-11,7.033673893082978481e-11,6.201811577051050780e-11,9.705778452909557017e-11,6.201811577051050780e-11,1.026008754051735312e-10
1.274397769377746618e-10,1.835312843543090148e-10,3.402654621425874641e-10,1.835312843543090148e-10,3.294015649289106117e-10,9.137110511391596803e-11,3.402654621425874641e-10,9.137110511391596803e-11,2.898018072622407462e-10
2.048585189784955615e-10,3.261268426509258612e-10,5.957240363655748651e-10,3.261268426509258612e-10,5.588422125750927875e-10,2.074142675098460817e-10,5.957240363655748651e-10,2.074142675098460817e-10,5.070295146267089676e-10
1.426002213118596236e-10,5.895394633177766261e-11,2.710768063943167788e-10,5.895394633177766261e-11,2.405416357541957506e-10,1.005433074023385936e-10,2.710768063943167788e-10,1.005433074023385936e-10,2.813417553891577107e-10
1.879115616148965119e-10,6.378563658509513763e-11,3.891244576247907943e-10,6.378563658509513763e-11,2.953236254368212987e-10,2.149726699984478072e-10,3.891244576247907943e-10,2.149726699984478072e-10,4.060841700914824259e-10
4.373754590220799210e-10,6.354293557256738343e-10,1.108393690455574306e-09,6.354293557256738343e-10,1.140671653417050085e-09,1.611609469620024760e-10,1.108393690455574306e-09,1.611609469620024760e-10,9.409838654178833146e-10
5.335618107179518925e-10,6.396723378374304899e-10,1.183123039118657092e-09,6.396723378374304899e-10,1.255074477285279453e-09,2.336138951451911173e-11,1.183123039118657092e-09,2.336138951451911173e-11,1.020679581709011834e-09
4.237445023197571118e-10,6.755948468147066345e-11,9.615372175565338997e-10,6.755948468147066345e-11,6.437903109430250265e-10,6.929958154973924449e-10,9.615372175565338997e-10,6.929958154973924449e-10,1.061995805710867314e-09
8.103384515193419170e-10,2.453579465047326947e-10,1.522138762085842348e-09,2.453579465047326947e-10,1.262040994330901154e-09,6.704654019721957012e-10,1.522138762085842348e-09,6.704654019721957012e-10,1.606030012157968147e-09
1.448298515242874864e-09,1.113770711691243585e-09,2.673000261107425364e-09,1.113770711691243585e-09,2.861510719328023573e-09,2.594459971113876785e-10,2.673000261107425364e-09,2.594459971113876785e-10,2.608137348724719555e-09
1.520856455964639301e-09,6.317667395854658145e-10,3.241664531879994040e-09,6.317667395854658145e-10,2.664564868133465428e-09,1.512980263785639844e-09,3.241664531879994040e-09,1.512980263785639844e-09,3.256956456150990304e-09
1.888739915970054523e-09,4.069994252568678216e-10,4.199312464934796008e-09,4.069994252568678216e-10,2.975535410735046619e-09,2.915391981042637102e-09,4.199312464934796008e-09,2.915391981042637102e-09,4.449852499571688634e-09
2.695967413875293595e-09,2.554883200741928543e-10,5.100074298965130749e-09,2.554883200741928543e-10,3.796021285230625528e-09,2.684623045754338673e-09,5.100074298965130749e-09,2.684623045754338673e-09,5.457628807748338039e-09
4.825895395952836289e-09,2.396209086376243456e-10,7.243053643782470921e-09,2.396209086376243456e-10,6.167384456860726192e-09,3.492583866303347237e-09,7.243053643782470921e-09,3.492583866303347237e-09,8.531918861828068668e-09
5.729689566234216254e-09,1.777489761149292598e-09,1.244602501284489807e-08,1.777489761149292598e-09,9.263821260886692324e-09,7.405670667292805788e-09,1.244602501284489807e-08,7.405670667292805788e-09,1.306280584435651831e-08
8.504120564386526181e-09,1.803633374259807299e-09,1.699448713784232976e-08,1.803633374259807299e-09,1.293194033121927077e-08,1.080563298813617009e-08,1.699448713784232976e-08,1.080563298813617009e-08,1.873472146960894513e-08
1.185109346174922434e-08,8.485326423781837373e-09,2.916166081298678631e-08,8.485326423781837373e-09,2.408803368894134912e-08,1.246417994271591231e-08,2.916166081298678631e-08,1.246417994271591231e-08,2.770517919117202722e-08
1.715004859943037397e-08,3.408566481500554003e-09,3.241264837144284755e-08,3.408566481500554003e-09,2.546999778145918504e-08,1.750576209462855048e-08,3.241264837144284755e-08,1.750576209462855048e-08,3.367606864070396508e-08
2.032457591181256977e-08,5.411910922257603513e-09,4.716080480943929403e-08,5.411910922257603513e-09,3.208968301128842101e-08,3.199637132237369868e-08,4.716080480943929403e-08,3.199637132237369868e-08,4.814762166750716988e-08
3.184852038077450491e-08,3.032757193144962891e-09,6.266192087684747122e-08,3.032757193144962891e-09,4.261626610113048759e-08,3.827152065194918866e-08,6.266192087684747122e-08,3.827152065194918866e-08,6.914429354637329978e-08
5.216148623424964403e-08,1.679107576453167881e-08,9.559686681829901810e-08,1.679107576453167881e-08,8.464488118573132942e-08,4.431428407692851843e-08,9.559686681829901810e-08,4.431428407692851843e-08,1.055417963786673836e-07
6.658911426121665423e-08,6.594633602668542057e-09,1.249571037268986894e-07,6.594633602668542057e-09,9.405302845131769391e-08,8.271083178808007716e-08,1.249571037268986894e-07,8.271083178808007716e-08,1.430734811001028281e-07
8.814714263805378655e-08,3.519433954295503729e-08,2.055075362188012899e-07,3.519433954295503729e-08,1.491428669371959693e-07,1.181457982345243249e-07,2.055075362188012899e-07,1.181457982345243249e-07,2.061594039189692513e-07
1.576827411761585373e-07,2.410789761569948469e-08,2.576958559441624637e-07,2.410789761569948469e-08,2.243746224437715206e-07,1.243009362148889519e-07,2.576958559441624637e-07,1.243009362148889519e-07,2.934200345416096555e-07
1.899380771682184450e-07,1.946699425192816515e-08,3.393502908770697127e-07,1.946699425192816515e-08,2.625268812926830473e-07,1.804984925596360090e-07,3.393502908770697127e-07,1.804984925596360090e-07,3.673538851074398575e-07
2.448549258131673495e-07,1.051865110838385407e-07,5.720861357783827185e-07,1.051865110838385407e-07,4.384572369473350443e-07,3.329289923039694731e-07,5.720861357783827185e-07,3.329289923039694731e-07,5.891112304808472377e-07
3.960182700237845723e-07,8.787273318581514597e-08,7.655705379437879142e-07,8.787273318581514597e-08,5.842830691071315133e-07,4.353574895955247238e-07,7.655705379437879142e-07,4.353574895955247238e-07,8.154193772805631948e-07
7.655378202217922863e-07,1.004404268479258327e-06,1.855774163093774449e-06,1.004404268479258327e-06,1.916736001567594921e-06,1.646365731464097574e-07,1.855774163093774449e-06,1.646365731464097574e-07,1.554089855513741383e-06
9.974280995097748594e-07,1.373382077263141317e-06,2.402499382835443374e-06,1.373382077263141317e-06,2.619399413590755246e-06,8.092689559868960739e-08,2.402499382835443374e-06,8.092689559868960739e-08,2.000728474431624186e-06
9.788027213670173382e-07,2.730431392883319408e-07,2.189229231374797666e-06,2.730431392883319408e-07,1.573691128851663962e-06,1.354607617682005216e-06,2.189229231374797666e-06,1.354607617682005216e-06,2.317003853706920472e-06
