9.390168204853931715e-13,1.027282189747952264e-12,1.496799465006327707e-12,1.027282189747952264e-12,1.968835264619582476e-12,1.952900472392572064e-17,1.496799465006327707e-12,1.952900472392572064e-17,1.452662055971655710e-12
9.383434571039842070e-13,1.026644517521767187e-12,1.495827761606135644e-12,1.026644517521767187e-12,1.967557556273791290e-12,2.510530817816101908e-17,1.495827761606135644e-12,2.510530817816101908e-17,1.451671945338303628e-12
9.376047952911036233e-13,1.025927911789843087e-12,1.494745231881316664e-12,1.025927911789843087e-12,1.966140316627200420e-12,3.223992705915610426e-17,1.494745231881316664e-12,3.223992705915610426e-17,1.450577774340717051e-12
9.367754445622121655e-13,1.025078108236395913e-12,1.493485122078702356e-12,1.025078108236395913e-12,1.964504292561937828e-12,4.135268657711157714e-17,1.493485122078702356e-12,4.135268657711157714e-17,1.449327226443821402e-12
9.358039300975602560e-13,1.024186597154455837e-12,1.492113444325590640e-12,1.024186597154455837e-12,1.962690478800998981e-12,5.297232523860291982e-17,1.492113444325590640e-12,5.297232523860291982e-17,1.447914833416408641e-12
9.347197030002827416e-13,1.023099187675400345e-12,1.490491055647822861e-12,1.023099187675400345e-12,1.960574826523493774e-12,6.775422166246901022e-17,1.490491055647822861e-12,6.775422166246901022e-17,1.446293277517584539e-12
9.334848119130956938e-13,1.021910284917206892e-12,1.488693788706961886e-12,1.021910284917206892e-12,1.958214788473419047e-12,8.651831214036514865e-17,1.488693788706961886e-12,8.651831214036514865e-17,1.444472221423241623e-12
9.321167406194394592e-13,1.020586155825346152e-12,1.486697147690762032e-12,1.020586155825346152e-12,1.955595019663162180e-12,1.102742315079443076e-16,1.486697147690762032e-12,1.102742315079443076e-16,1.442452792252423605e-12
9.305549290725541987e-13,1.019077948302318789e-12,1.484422615500929820e-12,1.019077948302318789e-12,1.952607508029907766e-12,1.402691498605606404e-16,1.484422615500929820e-12,1.402691498605606404e-16,1.440150636937077988e-12
9.287864902519423690e-13,1.017348270078114115e-12,1.481827104403717427e-12,1.017348270078114115e-12,1.949203312290513388e-12,1.780222230879798923e-16,1.481827104403717427e-12,1.780222230879798923e-16,1.437534947860436624e-12
9.268144550965183589e-13,1.015406431952440294e-12,1.478922353916187723e-12,1.015406431952440294e-12,1.945396188205226797e-12,2.253871430369491422e-16,1.478922353916187723e-12,2.253871430369491422e-16,1.434614362220596905e-12
9.245872423616585509e-13,1.013265823630784448e-12,1.475697074386578519e-12,1.013265823630784448e-12,1.941150062673010903e-12,2.846128303224331267e-16,1.475697074386578519e-12,2.846128303224331267e-16,1.431345152321179247e-12
9.220902297879179726e-13,1.010862247855272014e-12,1.472081098526031552e-12,1.010862247855272014e-12,1.936387914418990357e-12,3.584176808054429961e-16,1.472081098526031552e-12,3.584176808054429961e-16,1.427682002951513282e-12
9.193184828057891006e-13,1.008179112934396791e-12,1.468057005621483488e-12,1.008179112934396791e-12,1.931090425277541155e-12,4.501095752755143145e-16,1.468057005621483488e-12,4.501095752755143145e-16,1.423613401089999252e-12
9.162055596857440003e-13,1.005155971233067584e-12,1.463533135404453956e-12,1.005155971233067584e-12,1.925133543160942515e-12,5.637353410129446517e-16,1.463533135404453956e-12,5.637353410129446517e-16,1.419044784529054730e-12
9.127917869411536813e-13,1.001819231518995891e-12,1.458558551653102852e-12,1.001819231518995891e-12,1.918586803112713338e-12,7.043038279243632148e-16,1.458558551653102852e-12,7.043038279243632148e-16,1.414032290659999467e-12
9.089666847087597210e-13,9.981289464139691962e-13,1.453041322161447125e-12,9.981289464139691962e-13,1.911303254814952917e-12,8.783344485774162687e-16,1.453041322161447125e-12,8.783344485774162687e-16,1.408448848739927726e-12
9.047519813372492679e-13,9.940782347053221696e-13,1.446989743500126559e-12,9.940782347053221696e-13,1.903301446559604176e-12,1.094431479368356753e-15,1.446989743500126559e-12,1.094431479368356753e-15,1.402317197431455994e-12
9.001348295629493731e-13,9.896306231330517945e-13,1.440367072562986751e-12,9.896306231330517945e-13,1.894536668194738069e-12,1.364820911340157722e-15,1.440367072562986751e-12,1.364820911340157722e-15,1.395612531709282740e-12
8.951399886906572774e-13,9.848064333188464464e-13,1.433215158354893200e-12,9.848064333188464464e-13,1.885058610814454767e-12,1.707621820634929092e-15,1.433215158354893200e-12,1.707621820634929092e-15,1.388379011795629680e-12
8.897230864625456072e-13,9.795677049514479344e-13,1.425488099726441043e-12,9.795677049514479344e-13,1.874790759230196607e-12,2.150991272529217475e-15,1.425488099726441043e-12,2.150991272529217475e-15,1.380567539936317147e-12
8.839537792424704647e-13,9.740172145242286243e-13,1.417346530648453125e-12,9.740172145242286243e-13,1.863911582929873149e-12,2.740395805718831439e-15,1.417346530648453125e-12,2.740395805718831439e-15,1.372322042499051611e-12
8.778435233147605011e-13,9.681942639361083019e-13,1.408873183967393580e-12,9.681942639361083019e-13,1.852479332527413259e-12,3.550227045289865998e-15,1.408873183967393580e-12,3.550227045289865998e-15,1.363710899814248442e-12
8.715228293024954623e-13,9.621638343987482260e-13,1.400260625390188618e-12,9.621638343987482260e-13,1.840697276739481730e-12,4.703512410767206814e-15,1.400260625390188618e-12,4.703512410767206814e-15,1.354958564637808805e-12
8.651115090766245826e-13,9.560659573227931472e-13,1.391811182278921784e-12,9.560659573227931472e-13,1.828834385768837500e-12,6.402389706103792661e-15,1.391811182278921784e-12,6.402389706103792661e-15,1.346355647032916111e-12
8.588117455319677183e-13,9.501397452212611635e-13,1.384031895711681232e-12,9.501397452212611635e-13,1.817342157059255917e-12,8.976411523344911422e-15,1.384031895711681232e-12,8.976411523344911422e-15,1.338388007724190519e-12
8.528900836341466321e-13,9.446344451524240685e-13,1.377571025423340316e-12,9.446344451524240685e-13,1.806747759923597218e-12,1.295067004331526710e-14,1.377571025423340316e-12,1.295067004331526710e-14,1.331708183617855947e-12
8.477556857141444711e-13,9.399176551257276130e-13,1.373416065608161209e-12,9.399176551257276130e-13,1.797840868376952083e-12,1.914608384925985500e-14,1.373416065608161209e-12,1.914608384925985500e-14,1.327317672654487886e-12
8.438640742808031420e-13,9.365467162630754369e-13,1.372979555038503741e-12,9.365467162630754369e-13,1.791648374656043938e-12,2.880305535739167868e-14,1.372979555038503741e-12,2.880305535739167868e-14,1.326567996646181189e-12
8.419620623455163043e-13,9.351842411520757947e-13,1.378209246436297927e-12,9.351842411520757947e-13,1.789595674215659806e-12,4.372378790327122794e-14,1.378209246436297927e-12,4.372378790327122794e-14,1.331434318814223811e-12
8.428742388246470983e-13,9.366937964396560057e-13,1.391635268080656203e-12,9.366937964396560057e-13,1.793388360334736767e-12,6.638652696774412972e-14,1.391635268080656203e-12,6.638652696774412972e-14,1.344406819994318248e-12
8.477071544263325174e-13,9.422019278324381386e-13,1.416529662508957452e-12,9.422019278324381386e-13,1.805278756692349420e-12,9.993382459444103842e-14,1.416529662508957452e-12,9.993382459444103842e-14,1.368720186015227921e-12
8.579108787688944017e-13,9.531227849071931566e-13,1.456802984273304059e-12,9.531227849071931566e-13,1.828152018773682684e-12,1.478533301151042621e-13,1.456802984273304059e-12,1.478533301151042621e-13,1.408268563449351306e-12
8.752084789870191271e-13,9.711533963600067602e-13,1.516484378789263614e-12,9.711533963600067602e-13,1.865451077846538623e-12,2.130193596851156549e-13,1.516484378789263614e-12,2.130193596851156549e-13,1.467055080700283956e-12
9.016432381902806399e-13,9.984185970087039703e-13,1.598883078659574567e-12,9.984185970087039703e-13,1.921368612325176435e-12,2.956875336998809886e-13,1.598883078659574567e-12,2.956875336998809886e-13,1.548311837762440966e-12
9.398194468585825165e-13,1.037401060709524761e-12,1.704909498242299730e-12,1.037401060709524761e-12,2.001017981173540860e-12,3.900613106062104846e-13,1.704909498242299730e-12,3.900613106062104846e-13,1.652994099710881142e-12
9.926762454452016720e-13,1.091013867013190542e-12,1.830771763551980768e-12,1.091013867013190542e-12,2.110279723751035645e-12,4.798232317659017201e-13,1.830771763551980768e-12,4.798232317659017201e-13,1.777363767997285803e-12
1.063506479311781900e-12,1.162493973896988681e-12,1.966495767311143086e-12,1.162493973896988681e-12,2.255713340206706415e-12,5.354855235641629038e-13,1.966495767311143086e-12,5.354855235641629038e-13,1.911641037517218437e-12
1.155924712927721322e-12,1.255373295645388665e-12,2.099921395422883527e-12,1.255373295645388665e-12,2.444496734493875070e-12,5.226894980884954456e-13,2.099921395422883527e-12,5.226894980884954456e-13,2.044120745877509548e-12
1.273638569098995695e-12,1.373130824923710459e-12,2.237296304479156818e-12,1.373130824923710459e-12,2.683849034511057142e-12,4.446934415100852380e-13,2.237296304479156818e-12,4.446934415100852380e-13,2.182027843277182583e-12
1.420133789426245651e-12,1.519048969018703730e-12,2.465671700651874975e-12,1.519048969018703730e-12,2.980570393722697099e-12,4.683640269076779536e-13,2.465671700651874975e-12,4.683640269076779536e-13,2.414138836513407169e-12
1.598027257520733839e-12,1.695332276609279990e-12,3.101857517553333251e-12,1.695332276609279990e-12,3.339509909972143848e-12,1.225348867453120323e-12,3.101857517553333251e-12,1.225348867453120323e-12,3.060289361586353683e-12
1.808315688480732726e-12,1.902527185344061134e-12,4.999156949946402223e-12,1.902527185344061134e-12,3.762225538064643728e-12,4.428478278821837712e-12,4.999156949946402223e-12,4.428478278821837712e-12,4.978543860122132930e-12
2.049055275032447708e-12,2.138019919964003836e-12,1.008766223879140739e-11,2.138019919964003836e-12,4.244143408015724732e-12,1.395750767996542248e-11,1.008766223879140739e-11,1.395750767996542248e-11,1.010602643670477920e-11
2.313616502015792694e-12,2.394484388071338879e-12,2.216016566090974123e-11,2.394484388071338879e-12,4.771225683931536770e-12,3.743555069496810116e-11,2.216016566090974123e-11,3.743555069496810116e-11,2.224471220560648973e-11
2.588284934312993033e-12,2.657428361098004573e-12,4.767289283558317540e-11,2.657428361098004573e-12,5.315057989601709853e-12,8.783499951836093064e-11,4.767289283558317540e-11,8.783499951836093064e-11,4.786097893340140093e-11
2.849382619205902351e-12,2.902640252028741617e-12,9.579607760809617778e-11,2.902640252028741617e-12,5.827324525355413054e-12,1.835791440923024717e-10,9.579607760809617778e-11,1.835791440923024717e-10,9.613260965304659108e-11
3.060606161321941759e-12,3.093757740535945752e-12,1.761228213652696993e-10,3.093757740535945752e-12,6.234591365368224916e-12,3.439537908088693823e-10,1.761228213652696993e-10,3.439537908088693823e-10,1.766510080910042839e-10
3.172156737771458847e-12,3.181859671434208303e-12,2.917976220989166878e-10,3.181859671434208303e-12,6.436895514643266166e-12,5.753480000212081529e-10,2.917976220989166878e-10,5.753480000212081529e-10,2.925401010908104520e-10
3.124559607650930273e-12,3.109454729114218394e-12,4.267597577400904528e-10,3.109454729114218394e-12,6.315479508337162461e-12,8.457155195437306383e-10,4.267597577400904528e-10,8.457155195437306383e-10,4.276906680255697518e-10
2.863740695027420382e-12,2.825617248935728197e-12,5.309362571640774606e-10,2.825617248935728197e-12,5.763103968452794995e-12,1.054925557133119866e-09,5.309362571640774606e-10,1.054925557133119866e-09,5.319530915799311218e-10
2.378460634276130922e-12,2.322818491849215421e-12,5.195594445549414909e-10,2.322818491849215421e-12,4.758780496084540904e-12,1.033347738167896911e-09,5.195594445549414909e-10,1.033347738167896911e-09,5.204770617340925226e-10
1.774613313926073252e-12,1.710011340162060542e-12,3.226235366253621323e-10,1.710011340162060542e-12,3.516204798075302020e-12,6.406753125518973728e-10,3.226235366253621323e-10,6.406753125518973728e-10,3.232240208921340043e-10
1.410671646268435210e-12,1.345581081340750787e-12,3.949208110140094034e-11,1.345581081340750787e-12,2.753995774375419429e-12,7.491346973359783980e-11,3.949208110140094034e-11,7.491346973359783980e-11,3.965483728110530532e-11
2.125593648943250231e-12,2.062191746961375770e-12,2.486779023536098939e-10,2.062191746961375770e-12,4.151102299137966798e-12,4.913656317908198694e-10,2.486779023536098939e-10,4.913656317908198694e-10,2.485523830142860002e-10
5.594903590614437567e-12,5.516612889883363323e-12,2.458093935295335316e-09,5.516612889883363323e-12,1.105577524446532892e-11,4.901891381458753133e-09,2.458093935295335316e-09,4.901891381458753133e-09,2.458140814435170021e-09
1.483736172523347040e-11,1.469142126227388479e-11,9.530901616000144179e-09,1.469142126227388479e-11,2.949609256446421877e-11,1.902437295426097385e-08,9.530901616000144179e-09,1.902437295426097385e-08,9.531443373041980524e-09
3.485259261263864618e-11,3.452717645743102174e-11,2.571609406913576583e-08,3.452717645743102174e-11,6.944820442129227580e-11,5.134071750649437091e-08,2.571609406913576583e-08,5.134071750649437091e-08,2.571594152641964551e-08
7.320431242910198270e-11,7.250490880320656403e-11,5.577592888509269142e-08,7.250490880320656403e-11,1.459922048624120545e-10,1.113487369346638213e-07,5.577592888509269142e-08,1.113487369346638213e-07,5.576996334132836438e-08
1.400288834311372772e-10,1.386707366695542473e-10,1.028332544158836479e-07,1.386707366695542473e-10,2.793219213310544206e-10,2.052568163626348329e-07,1.028332544158836479e-07,2.052568163626348329e-07,1.028098053375337087e-07
2.462533633139542936e-10,2.438920245571022677e-10,1.651159961557666257e-07,2.438920245571022677e-10,4.911809959574628415e-10,3.294810315879256124e-07,1.651159961557666257e-07,3.294810315879256124e-07,1.650563280287587714e-07
3.978426552483927549e-10,3.941821232279189100e-10,2.327035923649706873e-07,3.941821232279189100e-10,7.933957087108863586e-10,4.641610830649561043e-07,2.327035923649706873e-07,4.641610830649561043e-07,2.325868276604818265e-07
5.832832296155279937e-10,5.782994284417578888e-10,2.863506532040303379e-07,5.782994284417578888e-10,1.162961514717577493e-09,5.708513218403787960e-07,2.863506532040303379e-07,5.708513218403787960e-07,2.861662414992800738e-07
7.539300105139453514e-10,7.481333841243868914e-10,3.009693403568833190e-07,7.481333841243868914e-10,1.502898946768717296e-09,5.995451998053739546e-07,3.009693403568833190e-07,5.995451998053739546e-07,3.007341247028624848e-07
8.078712827937762947e-10,8.024568185479943852e-10,2.559054854222094488e-07,8.024568185479943852e-10,1.610164632617711998e-09,5.092648693510955560e-07,2.559054854222094488e-07,5.092648693510955560e-07,2.556738245547623367e-07
6.169005191945873174e-10,6.134022470959452295e-10,1.523934376448568803e-07,6.134022470959452295e-10,1.229401060331757412e-09,3.028673439405710156e-07,1.523934376448568803e-07,3.028673439405710156e-07,1.522412021974007750e-07
1.862193307920200263e-10,1.852387549712804024e-10,3.535061428722965269e-08,1.852387549712804024e-10,3.710057666645645479e-10,7.013404822565804744e-08,3.535061428722965269e-08,7.013404822565804744e-08,3.531558162505144512e-08
8.548501210903144861e-11,8.461968044692953366e-11,1.222525488008261298e-08,8.461968044692953366e-11,1.697570537444094199e-10,2.418292645970705657e-08,1.222525488008261298e-08,2.418292645970705657e-08,1.220626908311730325e-08
2.261194227787318486e-09,2.253541135601188092e-09,2.571812644150078787e-07,2.253541135601188092e-09,4.503299002354878195e-09,5.074695495747395776e-07,2.571812644150078787e-07,5.074695495747395776e-07,2.568372691385577110e-07
1.111373414194545940e-08,1.109020029502624209e-08,9.871611772165030387e-07,1.109020029502624209e-08,2.213863643154309715e-08,1.940807751643531555e-06,9.871611772165030387e-07,1.940807751643531555e-06,9.858913574604211118e-07
3.423409736397262022e-08,3.419335869591393363e-08,2.400760986727219385e-06,3.419335869591393363e-08,6.820169034507091733e-08,4.699030516978133719e-06,2.400760986727219385e-06,4.699030516978133719e-06,2.397852631907312639e-06
8.162856790243590345e-08,8.159538482317292949e-08,4.583567728718971173e-06,8.159538482317292949e-08,1.626348329042120647e-07,8.923988392774205746e-06,4.583567728718971173e-06,8.923988392774205746e-06,4.578534003981463931e-06
1.621430328670071042e-07,1.621879408714456447e-07,7.403185434457640050e-06,1.621879408714456447e-07,3.230733963011315197e-07,1.432508588466224372e-05,7.403185434457640050e-06,1.432508588466224372e-05,7.396184403025321920e-06
2.767736460842943899e-07,2.770179275512059221e-07,1.043738277694339692e-05,2.770179275512059221e-07,5.515142044523921411e-07,2.005515629931729668e-05,1.043738277694339692e-05,2.005515629931729668e-05,1.042947854793662706e-05
4.108014896868855403e-07,4.113881401050878399e-07,1.298945034537782972e-05,4.113881401050878399e-07,8.186357561593459431e-07,2.476422415677700446e-05,1.298945034537782972e-05,2.476422415677700446e-05,1.298245397553511922e-05
5.294165332834950538e-07,5.304380884058196556e-07,1.423436213770317945e-05,5.304380884058196556e-07,1.055068341501414601e-06,2.690470578599298541e-05,1.423436213770317945e-05,2.690470578599298541e-05,1.423014979362860266e-05
5.829961052654814323e-07,5.843974442648515435e-07,1.349997326131668170e-05,5.843974442648515435e-07,1.161906252045162807e-06,2.527838674482831889e-05,1.349997326131668170e-05,2.527838674482831889e-05,1.349949491884554606e-05
5.265769299994001171e-07,5.280876680700268843e-07,1.062353674075111312e-05,5.280876680700268843e-07,1.049514696074138485e-06,1.969227272708824153e-05,1.062353674075111312e-05,1.969227272708824153e-05,1.062605552662285343e-05
3.523041313266813921e-07,3.534850567227287279e-07,6.257809311113866678e-06,3.534850567227287279e-07,7.022106129131471337e-07,1.147522297682186100e-05,6.257809311113866678e-06,1.147522297682186100e-05,6.261039185029485232e-06
1.246821804226462487e-07,1.251708936231825064e-07,1.968803395525932320e-06,1.251708936231825064e-07,2.485362372059790193e-07,3.569253643085283031e-06,1.968803395525932320e-06,3.569253643085283031e-06,1.970368546996504035e-06
4.552829718180791633e-12,2.579340907411268796e-12,1.391586978835944998e-11,2.579340907411268796e-12,7.233840188091160608e-12,1.821632451028221433e-11,1.391586978835944998e-11,1.821632451028221433e-11,1.497452614226935559e-11
2.094387010077654136e-07,2.103830922182627366e-07,2.681859444911600101e-06,2.103830922182627366e-07,4.174289880521607468e-07,4.744713290321579662e-06,2.681859444911600101e-06,4.744713290321579662e-06,2.685522507950331544e-06
9.953020326924682656e-07,1.000530905173794618e-06,1.161288894817366754e-05,1.000530905173794618e-06,1.983928089775160833e-06,2.028188678761251343e-05,1.161288894817366754e-05,2.028188678761251343e-05,1.163172919721380201e-05
2.511666658049787740e-06,2.526780157208286684e-06,2.687570765385812203e-05,2.526780157208286684e-06,5.006911632643349611e-06,4.631672958711336157e-05,2.687570765385812203e-05,4.631672958711336157e-05,2.692581347997287416e-05
4.724212221356331288e-06,4.756763855095630649e-06,4.660776980752148242e-05,4.756763855095630649e-06,9.418512233553543995e-06,7.921948201320275012e-05,4.660776980752148242e-05,7.921948201320275012e-05,4.670489620091745149e-05
7.355396212137198311e-06,7.413601335372165019e-06,6.717346485726639752e-05,7.413601335372165019e-06,1.466625437800983657e-05,1.125338442870563930e-04,6.717346485726639752e-05,1.125338442870563930e-04,6.732625041649496626e-05
9.909560161356110192e-06,9.999920212100003053e-06,8.398251960436097212e-05,9.999920212100003053e-06,1.976283946454014944e-05,1.385428220355483986e-04,8.398251960436097212e-05,1.385428220355483986e-04,8.418651314144704151e-05
1.178222895664448793e-05,1.190630667993553012e-05,9.274818370904366460e-05,1.190630667993553012e-05,2.350345208672698677e-05,1.504655972865290910e-04,9.274818370904366460e-05,1.504655972865290910e-04,9.298369397732871499e-05
1.242510690244903980e-05,1.257624477539891893e-05,9.079547401754921201e-05,1.257624477539891893e-05,2.479395222768756771e-05,1.445886778159268318e-04,9.079547401754921201e-05,1.445886778159268318e-04,9.103113890322863039e-05
1.152053467642384943e-05,1.168198738295553394e-05,7.799974832896840898e-05,1.168198738295553394e-05,2.299825371467797546e-05,1.216262904298912408e-04,7.799974832896840898e-05,1.216262904298912408e-04,7.820149724846379134e-05
9.122280815720659299e-06,9.268748191554547269e-06,5.706082413004083477e-05,9.268748191554547269e-06,1.821953170520436695e-05,8.684552749122872897e-05,5.706082413004083477e-05,8.684552749122872897e-05,5.720343303583750878e-05
5.734389478769863850e-06,5.838976251546203959e-06,3.303043319420970468e-05,5.838976251546203959e-06,1.145944590845209453e-05,4.887389867117393960e-05,3.303043319420970468e-05,4.887389867117393960e-05,3.310705320753522696e-05
2.312223909874709200e-06,2.359622841954434169e-06,1.222773773555465414e-05,2.359622841954434169e-06,4.623542978888452558e-06,1.750752165055966607e-05,1.222773773555465414e-05,1.750752165055966607e-05,1.225258393825025777e-05
1.721580303031668314e-07,1.760752618861374546e-07,8.343227065335209517e-07,1.760752618861374546e-07,3.444806774941133799e-07,1.149912108067308072e-06,8.343227065335209517e-07,1.149912108067308072e-06,8.356523425199489716e-07
7.925373558660741574e-07,8.115557836528218432e-07,3.513680842172973960e-06,8.115557836528218432e-07,1.586082693751013028e-06,4.634723905794711368e-06,3.513680842172973960e-06,4.634723905794711368e-06,3.518127737538410525e-06
5.493476224454436718e-06,5.636119408237059339e-06,2.234063218853471952e-05,5.636119408237059339e-06,1.100085276401013238e-05,2.805312154734564142e-05,2.234063218853471952e-05,2.805312154734564142e-05,2.235481056289669599e-05
1.501077091308131873e-05,1.542026354563899804e-05,5.619231499668758114e-05,1.542026354563899804e-05,3.007056999846311732e-05,6.684971640132988393e-05,5.619231499668758114e-05,6.684971640132988393e-05,5.619097590545013587e-05
2.903682893501643075e-05,2.985136399605699221e-05,1.006331758251782256e-04,2.985136399605699221e-05,5.817812005252475624e-05,1.130263407829960182e-04,1.006331758251782256e-04,1.130263407829960182e-04,1.005625497426705249e-04
4.587756534872521969e-05,4.717333183514769529e-05,1.483032274249873096e-04,4.717333183514769529e-05,9.191470055486996161e-05,1.570017908596902734e-04,1.483032274249873096e-04,1.570017908596902734e-04,1.481021895894159160e-04
6.243583989812817299e-05,6.417305732896640017e-05,1.898883240346188074e-04,6.417305732896640017e-05,1.250502323873158830e-04,1.896214971585226080e-04,1.898883240346188074e-04,1.896214971585226080e-04,1.895207579469148544e-04
7.471910651226072264e-05,7.672018325243706654e-05,2.157952703032030414e-04,7.672018325243706654e-05,1.495661897258651835e-04,2.039422270505562873e-04,2.157952703032030414e-04,2.039422270505562873e-04,2.152780546776083149e-04
7.892694989308900058e-05,8.091053104592864928e-05,2.185142142545974100e-04,8.091053104592864928e-05,1.578565310319999496e-04,1.965899924403499233e-04,2.185142142545974100e-04,1.965899924403499233e-04,2.179231929260305593e-04
7.289356993806411821e-05,7.456355281585634869e-05,1.952510025745593991e-04,7.456355281585634869e-05,1.456294847666185954e-04,1.685745166438701846e-04,1.952510025745593991e-04,1.685745166438701846e-04,1.946966317580415043e-04
5.733990327027877197e-05,5.849673676499711207e-05,1.499081770464089482e-04,5.849673676499711207e-05,1.144027274097676131e-04,1.254196960959207184e-04,1.499081770464089482e-04,1.254196960959207184e-04,1.494889205205700094e-04
3.624698320256946812e-05,3.686336606342003724e-05,9.325719608046718933e-05,3.686336606342003724e-05,7.220724971921578680e-05,7.642349424856972081e-05,9.325719608046718933e-05,7.642349424856972081e-05,9.301585889165722135e-05
1.588968338648070493e-05,1.610499458874778633e-05,4.054231235782430410e-05,1.610499458874778633e-05,3.160054586474411465e-05,3.290429563895016498e-05,4.054231235782430410e-05,3.290429563895016498e-05,4.045129605929574781e-05
2.679842415162641303e-06,2.706901634209855877e-06,6.830063235435262900e-06,2.706901634209855877e-06,5.320686079199658104e-06,5.549846152866101690e-06,6.830063235435262900e-06,5.549846152866101690e-06,6.817628086416609114e-06
6.660036980343844842e-07,6.668255364433246593e-07,1.702429615706285888e-06,6.668255364433246593e-07,1.316409127428261317e-06,1.397325870381036269e-06,1.702429615706285888e-06,1.397325870381036269e-06,1.701630377546295503e-06
9.876713838861553033e-06,9.878479791109951244e-06,2.557028505071612525e-05,9.878479791109951244e-06,1.951264947137081382e-05,2.139272286565060898e-05,2.557028505071612525e-05,2.139272286565060898e-05,2.556056630990837357e-05
2.636393054862483796e-05,2.626796675784952948e-05,6.941663747444644036e-05,2.626796675784952948e-05,5.198668743390457304e-05,5.959301979224912845e-05,6.941663747444644036e-05,5.959301979224912845e-05,6.942994989878261303e-05
4.393698472896763956e-05,4.360371488804782306e-05,1.182038444071470759e-04,4.360371488804782306e-05,8.646811081994826959e-05,1.046309583538378223e-04,1.182038444071470759e-04,1.046309583538378223e-04,1.182964018752981290e-04
5.669395713222298691e-05,5.604588461500334287e-05,1.564579216422836057e-04,5.604588461500334287e-05,1.113579817116703956e-04,1.432285884983563475e-04,1.564579216422836057e-04,1.432285884983563475e-04,1.566683673639008266e-04
6.112563790985628073e-05,6.020401834614148856e-05,1.735595354745326580e-04,6.020401834614148856e-05,1.198406459865342750e-04,1.645205033251644013e-04,1.735595354745326580e-04,1.645205033251644013e-04,1.738815152080513493e-04
5.692154089387352686e-05,5.586842896575581449e-05,1.666101245239214534e-04,5.586842896575581449e-05,1.114027996545485528e-04,1.634836873834840559e-04,1.666101245239214534e-04,1.634836873834840559e-04,1.669947309274989267e-04
4.639893526307179393e-05,4.538900510370258488e-05,1.401000690012621053e-04,4.538900510370258488e-05,9.065573437406650018e-05,1.420743828327949607e-04,1.401000690012621053e-04,1.420743828327949607e-04,1.404808959328002357e-04
3.310402606780972197e-05,3.228427784945207569e-05,1.030717601851063810e-04,3.228427784945207569e-05,6.457895265464754138e-05,1.077450555603525894e-04,1.030717601851063810e-04,1.077450555603525894e-04,1.033883186187161616e-04
2.037009486387431387e-05,1.980806545548652119e-05,6.530709234466868548e-05,1.980806545548652119e-05,3.967916556450725791e-05,7.015232072198032047e-05,6.530709234466868548e-05,7.015232072198032047e-05,6.552861934016495542e-05
1.039635563735672539e-05,1.007373300191897015e-05,3.423119450797992462e-05,1.007373300191897015e-05,2.021546204592896147e-05,3.766236866336751993e-05,3.423119450797992462e-05,3.766236866336751993e-05,3.436185402788608098e-05
3.990181917698043960e-06,3.838717197032760483e-06,1.342657354378967417e-05,3.838717197032760483e-06,7.732182402341745357e-06,1.508354433411312948e-05,1.342657354378967417e-05,1.508354433411312948e-05,1.349125442442868566e-05
8.410752118707076804e-07,7.716477779048008463e-07,2.828522159740088389e-06,7.716477779048008463e-07,1.593783631502059626e-06,3.252254357498244789e-06,2.828522159740088389e-06,3.252254357498244789e-06,2.862020473230982837e-06
2.837823499291132010e-08,2.702332627749644850e-08,6.786089427178821677e-08,2.702332627749644850e-08,5.544407929811121959e-08,5.428500593725314390e-08,6.786089427178821677e-08,5.428500593725314390e-08,6.914577138692682648e-08
5.225424810044358248e-07,4.288733276810746289e-07,1.740439330528562791e-06,4.288733276810746289e-07,9.366651058555573946e-07,2.084535897725800717e-06,1.740439330528562791e-06,2.084535897725800717e-06,1.784351140321334038e-06
1.463338911026546270e-06,1.317637889999042754e-06,5.137952980923126030e-06,1.317637889999042754e-06,2.738779901543849126e-06,6.127760003261386616e-06,5.137952980923126030e-06,6.127760003261386616e-06,5.201585233598181019e-06
2.322914525444411813e-06,2.103854687552018933e-06,8.238529096479619348e-06,2.103854687552018933e-06,4.358622030008963039e-06,9.862893873803463428e-06,8.238529096479619348e-06,9.862893873803463428e-06,8.331635886063956848e-06
2.823911380282621400e-06,2.553366070081269779e-06,1.007966083258700700e-05,2.553366070081269779e-06,5.291771092098134326e-06,1.212028724775192367e-05,1.007966083258700700e-05,1.212028724775192367e-05,1.019177837996503057e-05
2.934197805157935416e-06,2.644507835273703863e-06,1.047224679041300986e-05,2.644507835273703863e-06,5.486448737874286843e-06,1.260025879519890537e-05,1.047224679041300986e-05,1.260025879519890537e-05,1.058838945529260128e-05
2.737720726733068548e-06,2.382602199573948145e-06,9.655480268034398987e-06,2.382602199573948145e-06,5.030667996942759864e-06,1.168591206733244354e-05,9.655480268034398987e-06,1.168591206733244354e-05,9.800120697072417503e-06
2.335600462373258103e-06,1.912184902740969343e-06,8.032504466249881141e-06,1.912184902740969343e-06,4.167761207427598038e-06,9.791204220388438314e-06,8.032504466249881141e-06,9.791204220388438314e-06,8.209007527707558359e-06
1.901468355277386781e-06,1.384676543821197796e-06,6.194715504254600821e-06,1.384676543821197796e-06,3.219973998700295075e-06,7.618539264896238901e-06,6.194715504254600821e-06,7.618539264896238901e-06,6.416962386487870929e-06
1.452665140963821053e-06,8.770577474798825721e-07,4.368701512264115642e-06,8.770577474798825721e-07,2.279423365113258988e-06,5.447874880010750018e-06,4.368701512264115642e-06,5.447874880010750018e-06,4.621144231456001605e-06
1.122168950197544017e-06,4.073549019923573266e-07,2.799394805384920506e-06,4.073549019923573266e-07,1.495764871617282972e-06,3.597238449140993374e-06,2.799394805384920506e-06,3.597238449140993374e-06,3.124100629336845026e-06
9.302568058888042949e-07,5.386840010002765414e-08,1.740103778771493296e-06,5.386840010002765414e-08,9.662835175719824965e-07,2.394375222585813501e-06,1.740103778771493296e-06,2.394375222585813501e-06,2.148751451196297599e-06
7.334719790530913319e-07,4.446230376305753441e-07,1.632712494475650142e-06,4.446230376305753441e-07,1.175672662450393001e-06,1.610640652482982380e-06,1.632712494475650142e-06,1.610640652482982380e-06,1.752806373266019282e-06
7.692117259551668155e-07,6.619055454329753585e-07,1.793703613369985637e-06,6.619055454329753585e-07,1.443969574179830622e-06,1.476162060222515727e-06,1.793703613369985637e-06,1.476162060222515727e-06,1.829357043175940957e-06
1.015254187687039630e-06,7.653824734327022939e-07,2.164498436519768246e-06,7.653824734327022939e-07,1.808696136198421599e-06,1.778365901795513507e-06,2.164498436519768246e-06,1.778365901795513507e-06,2.280283475490141849e-06
1.426715333457572351e-06,1.153137251552229001e-06,3.057256620877534302e-06,1.153137251552229001e-06,2.624259260163759881e-06,2.386219659477762974e-06,3.057256620877534302e-06,2.386219659477762974e-06,3.194480163705070871e-06
1.401152698461787503e-06,1.549527587295541403e-06,4.214873785978237677e-06,1.549527587295541403e-06,3.013323511706448629e-06,3.947253938763973614e-06,4.214873785978237677e-06,3.947253938763973614e-06,4.154025590501476782e-06
1.690240873147666500e-06,2.011825114069757180e-06,5.604595607797036337e-06,2.011825114069757180e-06,3.786754140792558121e-06,5.521804725539013122e-06,5.604595607797036337e-06,5.521804725539013122e-06,5.472514560939328195e-06
2.062274075018189412e-06,2.751792432989914416e-06,7.395296073920124051e-06,2.751792432989914416e-06,4.925834906290245699e-06,7.261273283834856010e-06,7.395296073920124051e-06,7.261273283834856010e-06,7.096272509070379383e-06
3.395438290132549552e-06,3.273155908477830762e-06,9.209680100041170371e-06,3.273155908477830762e-06,6.814023492018456412e-06,8.522060427006462676e-06,9.209680100041170371e-06,8.522060427006462676e-06,9.337045079872130821e-06
4.100171740508133073e-06,5.343538118466372270e-06,1.356528110938441694e-05,5.343538118466372270e-06,9.634462049774485121e-06,1.239879301687842214e-05,1.356528110938441694e-05,1.239879301687842214e-05,1.303821348012673533e-05
4.845236070977850813e-06,5.712178495781238545e-06,1.586645530098731145e-05,5.712178495781238545e-06,1.080255004978833112e-05,1.553695583730136612e-05,1.586645530098731145e-05,1.553695583730136612e-05,1.555753516109358833e-05
6.274873143509753253e-06,9.019210562080932266e-06,2.037840563880653790e-05,9.019210562080932266e-06,1.561177311183964655e-05,1.653069534149493989e-05,2.037840563880653790e-05,1.653069534149493989e-05,1.917906558745924146e-05
8.183661420245251947e-06,8.370006051047596839e-06,2.275400629408433941e-05,8.370006051047596839e-06,1.696532414511244514e-05,2.069781138504897075e-05,2.275400629408433941e-05,2.069781138504897075e-05,2.288064822208335541e-05
9.542248679659149992e-06,1.373408420920785186e-05,3.170305783839428231e-05,1.373408420920785186e-05,2.380721950308737210e-05,2.652418896808563407e-05,3.170305783839428231e-05,2.652418896808563407e-05,2.988325136633865120e-05
1.950619409131237766e-05,2.143025522210075036e-05,4.574349447888359906e-05,2.143025522210075036e-05,4.161662952058836363e-05,2.928893133580935429e-05,4.574349447888359906e-05,2.928893133580935429e-05,4.515257909732158642e-05
2.114583104815471228e-05,1.948765806602369228e-05,5.248918769558409659e-05,1.948765806602369228e-05,4.151298747271133226e-05,4.501611607927667443e-05,5.248918769558409659e-05,4.501611607927667443e-05,5.375901417959634473e-05
2.068773081589118180e-05,2.955216307263090701e-05,6.474428633539518869e-05,2.955216307263090701e-05,5.137742363931745978e-05,4.991202143076499192e-05,6.474428633539518869e-05,4.991202143076499192e-05,6.087325993312180485e-05
3.527038483054814437e-05,3.593699359245610992e-05,9.129321637586077279e-05,3.593699359245610992e-05,7.268886686438526582e-05,7.572658420790962799e-05,9.129321637586077279e-05,7.572658420790962799e-05,9.171641603720140791e-05
3.724664175777284798e-05,5.632659442455010521e-05,1.147844965998962458e-04,5.632659442455010521e-05,9.549336234514137450e-05,7.996326343555375986e-05,1.147844965998962458e-04,7.996326343555375986e-05,1.061567945012019209e-04
4.517995989916993827e-05,6.182121078174533256e-05,1.371524173194995993e-04,6.182121078174533256e-05,1.094692501731996256e-04,1.058995605345805540e-04,1.371524173194995993e-04,1.058995605345805540e-04,1.300565833759663795e-04
5.153207713729806194e-05,9.846945296815404246e-05,1.892650023382350046e-04,9.846945296815404246e-05,1.531560687408247681e-04,1.305226220194600768e-04,1.892650023382350046e-04,1.305226220194600768e-04,1.672564118843311251e-04
1.037602416092036142e-04,1.248914432855762629e-04,2.577818810384207714e-04,1.248914432855762629e-04,2.326844520486373840e-04,1.626452842741574352e-04,2.577818810384207714e-04,1.626452842741574352e-04,2.491029105942409757e-04
8.340201620275777567e-05,1.521474714055147674e-04,3.154566630078923313e-04,1.521474714055147674e-04,2.408064193205527656e-04,2.438684647641128867e-04,3.154566630078923313e-04,2.438684647641128867e-04,2.834236957256419599e-04
1.555135045628828485e-04,1.877786031234559801e-04,4.179028120665945764e-04,1.877786031234559801e-04,3.501709231820322472e-04,3.056998756893733243e-04,4.179028120665945764e-04,3.056998756893733243e-04,4.048003824971771339e-04
1.572905271408222378e-04,2.435352710882239904e-04,5.040678021820317080e-04,2.435352710882239904e-04,4.096033932142471618e-04,3.645064646958258827e-04,5.040678021820317080e-04,3.645064646958258827e-04,4.646663122693911983e-04
2.859960183579656509e-04,2.852638798556845221e-04,6.559015572765694753e-04,2.852638798556845221e-04,5.826986315464096613e-04,4.566958734219707795e-04,6.559015572765694753e-04,4.566958734219707795e-04,6.613558716321545549e-04
3.750350809835087070e-04,4.721059620888772685e-04,1.018551192523175055e-03,4.721059620888772685e-04,8.616630200732314140e-04,7.194650235545671209e-04,1.018551192523175055e-03,7.194650235545671209e-04,9.763853072039460623e-04
3.928787558179067845e-04,5.843189723924361147e-04,1.269831002031693084e-03,5.843189723924361147e-04,9.961113051279594025e-04,9.804180229372682319e-04,1.269831002031693084e-03,9.804180229372682319e-04,1.182430206600849432e-03
5.812824861272506728e-04,7.242083488372475560e-04,1.685751546058400193e-03,7.242083488372475560e-04,1.329731166080606311e-03,1.344297140263818512e-03,1.685751546058400193e-03,1.344297140263818512e-03,1.624801964839954179e-03
7.218776734826112601e-04,9.824636014836535085e-04,2.352077015268613791e-03,9.824636014836535085e-04,1.736095644813497518e-03,2.019818172700477230e-03,2.352077015268613791e-03,2.019818172700477230e-03,2.235015287495814400e-03
