8.506419458834449484e-08+2.229122731767388180e-10j,-7.075604601577618909e-12+1.187017505978796876e-10j,6.099265674920454629e-10-6.741740459352044929e-10j,-7.075604601577618909e-12+1.187017505978796876e-10j,8.469094525087720888e-08+2.218996457180468481e-10j,4.999870316306675169e-10-6.307265227468432270e-10j,6.099265674920454629e-10-6.741740459352044929e-10j,4.999870316306675169e-10-6.307265227468432270e-10j,8.209688882241126242e-08+3.590548599598975955e-09j
8.506408489047447477e-08+3.369931154595940200e-10j,-7.168651247737907875e-12+1.794502486503940460e-10j,6.104483503354599826e-10-1.019198978534180701e-09j,-7.168651247737907875e-12+1.794502486503940460e-10j,8.469084774438437413e-08+3.354622603130688723e-10j,5.004716318664404618e-10-9.535161400077403441e-10j,6.104483503354599826e-10-1.019198978534180701e-09j,5.004716318664404618e-10-9.535161400077403441e-10j,8.209417044952675278e-08+5.428099153805836532e-09j
8.506383418076165499e-08+5.094574463309066280e-10j,-7.381304269298926326e-12+2.712880921501225906e-10j,6.116408589724339270e-10-1.540797826129500262e-09j,-7.381304269298926326e-12+2.712880921501225906e-10j,8.469062489773438044e-08+5.071431832959101139e-10j,5.015791665756797447e-10-1.441500286557268382e-09j,6.116408589724339270e-10-1.540797826129500262e-09j,5.015791665756797447e-10-1.441500286557268382e-09j,8.208795772165559671e-08+8.206055804045888024e-09j
8.506326119567423845e-08+7.701838818545722666e-10j,-7.867311892509349857e-12+4.101254878502958604e-10j,6.143662780306093054e-10-2.329333650573760375e-09j,-7.867311892509349857e-12+4.101254878502958604e-10j,8.469011559262435783e-08+7.666854017523081449e-10j,5.041103877138671843e-10-2.179218567956690476e-09j,6.143662780306093054e-10-2.329333650573760375e-09j,5.041103877138671843e-10-2.179218567956690476e-09j,8.207375882249398575e-08+1.240567900693073853e-08j
8.506195167134773126e-08+1.164340701753043613e-09j,-8.978053211925220480e-12+6.200137503420794757e-10j,6.205950604685157445e-10-3.521407549142790857e-09j,-8.978053211925220480e-12+6.200137503420794757e-10j,8.468895160532749575e-08+1.159052361729756682e-09j,5.098953498106575652e-10-3.294468891632186080e-09j,6.205950604685157445e-10-3.521407549142790857e-09j,5.098953498106575652e-10-3.294468891632186080e-09j,8.204130806718491181e-08+1.875448720990945848e-08j
8.505895886144505473e-08+1.760207116029051906e-09j,-1.151655672657371241e-11+9.373084288850649437e-10j,6.348304043020067119e-10-5.323503646753646964e-09j,-1.151655672657371241e-11+9.373084288850649437e-10j,8.468629140696180185e-08+1.752214324843224070e-09j,5.231163917978558607e-10-4.980428896028449449e-09j,6.348304043020067119e-10-5.323503646753646964e-09j,5.231163917978558607e-10-4.980428896028449449e-09j,8.196714464535583348e-08+2.835218952455387104e-08j
8.505211921343000960e-08+2.660988418845317410e-09j,-1.731792902842905516e-11+1.416954943094117301e-09j,6.673631590107420043e-10-8.047689634897925165e-09j,-1.731792902842905516e-11+1.416954943094117301e-09j,8.468021188611303474e-08+2.648911991342321484e-09j,5.533311328692598569e-10-7.529056619594817458e-09j,6.673631590107420043e-10-8.047689634897925165e-09j,5.533311328692598569e-10-7.529056619594817458e-09j,8.179765515778392910e-08+4.286083188561988208e-08j
8.503648906025418662e-08+4.022647303392302359e-09j,-3.057526891103851061e-11+2.141963155141980596e-09j,7.417072257109781357e-10-1.216543124197427786e-08j,-3.057526891103851061e-11+2.141963155141980596e-09j,8.466631874042332980e-08+4.004414213000860061e-09j,6.223781231703812240e-10-1.138143988093267698e-08j,7.417072257109781357e-10-1.216543124197427786e-08j,6.223781231703812240e-10-1.138143988093267698e-08j,8.141033649354985946e-08+6.479144111274634463e-08j
8.500077533185198323e-08+6.080755357304668793e-09j,-6.086668218933856901e-11+3.237634478559442854e-09j,9.115742524069455494e-10-1.838840653638615428e-08j,-6.086668218933856901e-11+3.237634478559442854e-09j,8.463457364411904735e-08+6.053273067767213242e-09j,7.801422454373063278e-10-1.720341287385525227e-08j,9.115742524069455494e-10-1.838840653638615428e-08j,7.801422454373063278e-10-1.720341287385525227e-08j,8.052536036267351175e-08+9.793455534154753053e-08j
8.491919683740286147e-08+9.190722785106916175e-09j,-1.300561229857579717e-10+4.892737850894425783e-09j,1.299571414651070906e-09-2.778881267982546495e-08j,-1.300561229857579717e-10+4.892737850894425783e-09j,8.456205885713765168e-08+9.149459028884088667e-09j,1.140496162517047942e-09-2.599814564104183898e-08j,1.299571414651070906e-09-2.778881267982546495e-08j,1.140496162517047942e-09-2.599814564104183898e-08j,7.850396240832299932e-08+1.480013937376249564e-07j
8.473298126381191107e-08+1.388736491786701460e-08j,-2.879749281567357753e-10+7.390379643446924396e-09j,2.185137028865668995e-09-4.197481949374256133e-08j,-2.879749281567357753e-10+7.390379643446924396e-09j,8.439652437109306694e-08+1.382596075963759125e-08j,1.962975331822180722e-09-3.927041432118734959e-08j,2.185137028865668995e-09-4.197481949374256133e-08j,1.962975331822180722e-09-3.927041432118734959e-08j,7.389029958573508318e-08+2.235597924471206726e-07j
8.430858472846419384e-08+2.097066632488293698e-08j,-6.477936326636021529e-10+1.115075647558844117e-08j,4.202883015886581442e-09-6.333382015924499863e-08j,-6.477936326636021529e-10+1.115075647558844117e-08j,8.401921837759308965e-08+2.088120278953736165e-08j,3.837014127202201952e-09-5.925460041499504599e-08j,4.202883015886581442e-09-6.333382015924499863e-08j,3.837014127202201952e-09-5.925460041499504599e-08j,6.337804605761150996e-08+3.373348618962564354e-07j
8.334481881605746630e-08+3.162092091572990342e-08j,-1.464452919873317314e-09+1.678253256344377724e-08j,8.782342960934581375e-09-9.532571261607922688e-08j,-1.464452919873317314e-09+1.678253256344377724e-08j,8.316216798204985092e-08+3.149721392254011691e-08j,8.090495339162049551e-09-8.919051549867980367e-08j,8.782342960934581375e-09-9.532571261607922688e-08j,8.090495339162049551e-09-8.919051549867980367e-08j,3.951898594836153655e-08+5.077884702788798058e-07j
8.117383019129570906e-08+4.752491834663925782e-08j,-3.301713892442565424e-09+2.511681103261869797e-08j,1.908437260894529693e-08-1.426808219450301774e-07j,-3.301713892442565424e-09+2.511681103261869797e-08j,8.123041941776790388e-08+4.737710324007729885e-08j,1.766011628400750477e-08-1.335133682535682040e-07j,1.908437260894529693e-08-1.426808219450301774e-07j,1.766011628400750477e-08-1.335133682535682040e-07j,-1.415752217095217306e-08+7.602318961104527995e-07j
7.637064312831150696e-08+7.091813008957310741e-08j,-7.354596626107653133e-09+3.712305005308789950e-08j,4.180744631024255408e-08-2.109385327738763032e-07j,-7.354596626107653133e-09+3.712305005308789950e-08j,7.695071734701877527e-08+7.082500037351851485e-08j,3.877237670379735856e-08-1.974372998344131844e-07j,4.180744631024255408e-08-2.109385327738763032e-07j,3.877237670379735856e-08-1.974372998344131844e-07j,-1.325652820071444186e-07+1.124556327610830263e-06j
6.614706348922019090e-08+1.042503567726458304e-07j,-1.592251453523569260e-08+5.342029211338807046e-08j,8.983236326663762047e-08-3.037201563472097166e-07j,-1.592251453523569260e-08+5.342029211338807046e-08j,6.781293514685992461e-08+1.045231547966759569e-07j,8.341550678516076916e-08-2.844465930898141445e-07j,8.983236326663762047e-08-3.037201563472097166e-07j,8.341550678516076916e-08-2.844465930898141445e-07j,-3.828876568607378642e-07+1.621255281596580903e-06j
4.600505918983662341e-08+1.489659856787603336e-07j,-3.253414792518623139e-08+7.289874457014249010e-08j,1.828895821437514811e-07-4.150262686726888898e-07j,-3.253414792518623139e-08+7.289874457014249010e-08j,4.968111392110463475e-08+1.505706009635161873e-07j,1.700215436382103896e-07-3.891780518467378280e-07j,1.828895821437514811e-07-4.150262686726888898e-07j,1.700215436382103896e-07-3.891780518467378280e-07j,-8.682513961986317582e-07+2.221680526623451535e-06j
1.126555520429926818e-08+2.037832776692824130e-07j,-6.010038967001968141e-08+9.081650164121468941e-08j,3.371152943720231893e-07-5.186681767663681725e-07j,-6.010038967001968141e-08+9.081650164121468941e-08j,1.789841096180302395e-08+2.090823013725982518e-07j,3.139485219406024639e-07-4.875858420363982683e-07j,3.371152943720231893e-07-5.186681767663681725e-07j,3.139485219406024639e-07-4.875858420363982683e-07j,-1.673953225149903262e-06+2.793471047785838760e-06j
-3.927006952425707237e-08+2.662380382236237493e-07j,-9.658500435987081725e-08+9.997592712257625000e-08j,5.407283090052088876e-07-5.752421089980280893e-07j,-9.658500435987081725e-08+9.997592712257625000e-08j,-2.996127794625619826e-08+2.794501550115911271e-07j,5.051587252270148212e-07-5.430835762960549209e-07j,5.407283090052088876e-07-5.752421089980280893e-07j,5.051587252270148212e-07-5.430835762960549209e-07j,-2.742156202214570729e-06+3.136993139423574481e-06j
-1.049612087339335706e-07+3.390089585514831887e-07j,-1.346130222566040152e-07+9.695458984947776391e-08j,7.524035058109507166e-07-5.677800033176216622e-07j,-1.346130222566040152e-07+9.695458984947776391e-08j,-9.601662072318605319e-08+3.653103893838154191e-07j,7.065091618856305632e-07-5.387966003600861818e-07j,7.524035058109507166e-07-5.677800033176216622e-07j,7.065091618856305632e-07-5.387966003600861818e-07j,-3.865479756194701882e-06+3.169902386509649033e-06j
-1.933586190197249609e-07+4.288089298398570089e-07j,-1.678354801047041393e-07+8.388780440241825294e-08j,9.388449748240482834e-07-5.117191608983774930e-07j,-1.678354801047041393e-07+8.388780440241825294e-08j,-1.910019183636817211e-07+4.724686425472862964e-07j,8.871465426320322708e-07-4.862313542764393884e-07j,9.388449748240482834e-07-5.117191608983774930e-07j,8.871465426320322708e-07-4.862313542764393884e-07j,-4.884695242681885561e-06+2.975433858596512075e-06j
-3.230391790465905171e-07+5.327249935162875737e-07j,-1.927330557856935711e-07+6.399925692296965455e-08j,1.086941538268024979e-06-4.270646131467775404e-07j,-1.927330557856935711e-07+6.399925692296965455e-08j,-3.360981422336679966e-07+5.952882597025401541e-07j,1.031578410521948087e-06-4.011340153767503010e-07j,1.086941538268024979e-06-4.270646131467775404e-07j,1.031578410521948087e-06-4.011340153767503010e-07j,-5.750958775543312910e-06+2.650367660834636266e-06j
-5.097462631132333414e-07+6.259909183856590811e-07j,-2.065074682407712207e-07+4.146470949002741071e-08j,1.190157238668420748e-06-3.318119008624592848e-07j,-2.065074682407712207e-07+4.146470949002741071e-08j,-5.481161025267049477e-07+7.042862193133708085e-07j,1.128046875054858657e-06-3.018699013942408981e-07j,1.190157238668420748e-06-3.318119008624592848e-07j,1.128046875054858657e-06-3.018699013942408981e-07j,-6.446069689330966742e-06+2.262516917969953733e-06j
-7.414474027220496469e-07+6.699135828166154300e-07j,-2.094545250209275001e-07+2.255109860954803619e-08j,1.251381561504971739e-06-2.463222667630220614e-07j,-2.094545250209275001e-07+2.255109860954803619e-08j,-8.122253067182254216e-07+7.548370972370477348e-07j,1.177749202083062101e-06-2.141678268736730267e-07j,1.251381561504971739e-06-2.463222667630220614e-07j,1.177749202083062101e-06-2.141678268736730267e-07j,-6.973858794640814808e-06+1.877244041803251920e-06j
-9.750275704186708524e-07+6.475186833499735305e-07j,-2.067533967784517657e-07+1.126873384514877452e-08j,1.285711290775941377e-06-1.829544321096732871e-07j,-2.067533967784517657e-07+1.126873384514877452e-08j,-1.077746828026974089e-06+7.272958199077999197e-07j,1.200193203229202855e-06-1.539733656528924653e-07j,1.285711290775941377e-06-1.829544321096732871e-07j,1.200193203229202855e-06-1.539733656528924653e-07j,-7.369130725095259715e-06+1.541278210152816933e-06j
-1.173355916112670868e-06+5.784427162757706233e-07j,-2.037623387603332259e-07+6.370987172022273943e-09j,1.308407911365282158e-06-1.406748087994294300e-07j,-2.037623387603332259e-07+6.370987172022273943e-09j,-1.300383673016938367e-06+6.452094680051986855e-07j,1.215179298522177919e-06-1.177983751745759033e-07j,1.308407911365282158e-06-1.406748087994294300e-07j,1.215179298522177919e-06-1.177983751745759033e-07j,-7.675742362994241537e-06+1.267484026993546788e-06j
-1.326027141267499968e-06+4.929553615518223198e-07j,-2.024779470939895167e-07+4.557601152661407726e-09j,1.327664910656905379e-06-1.128255661521552361e-07j,-2.024779470939895167e-07+4.557601152661407726e-09j,-1.468075125957974622e-06+5.458692387928736000e-07j,1.230498340984880599e-06-9.474914216520510341e-08j,1.327664910656905379e-06-1.128255661521552361e-07j,1.230498340984880599e-06-9.474914216520510341e-08j,-7.924331647677825211e-06+1.047641986228372134e-06j
-1.441361207003434581e-06+4.132715597873573435e-07j,-2.025195463222535628e-07+3.405508433988518498e-09j,1.346237207706823050e-06-9.253503365730647583e-08j,-2.025195463222535628e-07+3.405508433988518498e-09j,-1.592595611729613714e-06+4.562429059024372837e-07j,1.245907191352339811e-06-7.708948426565582177e-08j,1.346237207706823050e-06-9.253503365730647583e-08j,1.245907191352339811e-06-7.708948426565582177e-08j,-8.132965104445161913e-06+8.678753794725448905e-07j
-1.534447073592875473e-06+3.477017768427990600e-07j,-2.027247569991252027e-07+1.995949884905400444e-09j,1.362789164063157080e-06-7.494664362061741878e-08j,-2.027247569991252027e-07+1.995949884905400444e-09j,-1.693479751821832967e-06+3.848675615681542031e-07j,1.259012259182680268e-06-6.174372526651179173e-08j,1.362789164063157080e-06-7.494664362061741878e-08j,1.259012259182680268e-06-6.174372526651179173e-08j,-8.307208628976474210e-06+7.148837164983116398e-07j
-1.616416504736867460e-06+2.939281518174574172e-07j,-2.023575322723757933e-07+6.592913251117572847e-10j,1.375112430085086111e-06-5.953871087364209836e-08j,-2.023575322723757933e-07+6.592913251117572847e-10j,-1.783932225383618348e-06+3.271082321968218310e-07j,1.268715694933932802e-06-4.905712366139454961e-08j,1.375112430085086111e-06-5.953871087364209836e-08j,1.268715694933932802e-06-4.905712366139454961e-08j,-8.448561720233428664e-06+5.866341148184572325e-07j
-1.690059032141818055e-06+2.455006298173387515e-07j,-2.016415058290480598e-07-5.384191474892149245e-11j,1.383897987704159242e-06-4.769498438977932947e-08j,-2.016415058290480598e-07-5.384191474892149245e-11j,-1.866424640521748423e-06+2.744692649390312858e-07j,1.276433284770835773e-06-3.971974252409571826e-08j,1.383897987704159242e-06-4.769498438977932947e-08j,1.276433284770835773e-06-3.971974252409571826e-08j,-8.566288670488292708e-06+4.824791364882784479e-07j
-1.750882448846271152e-06+1.992027607033172807e-07j,-2.011110996894124724e-07-1.863125852977407537e-10j,1.391265147328863733e-06-3.925910493402589885e-08j,-2.011110996894124724e-07-1.863125852977407537e-10j,-1.935108537300213313e-06+2.231459570008931513e-07j,1.283758521857487753e-06-3.285430258553127247e-08j,1.391265147328863733e-06-3.925910493402589885e-08j,1.283758521857487753e-06-3.285430258553127247e-08j,-8.666198004221278137e-06+3.950465347554315294e-07j
-1.796712442955429994e-06+1.575818767066026548e-07j,-2.008931094720318170e-07-1.105386272551898486e-10j,1.398308529573601967e-06-3.305119536201615285e-08j,-2.008931094720318170e-07-1.105386272551898486e-10j,-1.987021049504547677e-06+1.765324867798892525e-07j,1.290845404390401667e-06-2.727503148882602358e-08j,1.398308529573601967e-06-3.305119536201615285e-08j,1.290845404390401667e-06-2.727503148882602358e-08j,-8.748038314810595073e-06+3.209669729535770088e-07j
-1.830630030121391234e-06+1.222954134971389497e-07j,-2.008106054258365304e-07-3.058157512877437005e-11j,1.405090788138991268e-06-2.800328749332510907e-08j,-2.008106054258365304e-07-3.058157512877437005e-11j,-2.025706191858343006e-06+1.371053626552543635e-07j,1.297176747186819553e-06-2.235681237014537355e-08j,1.405090788138991268e-06-2.800328749332510907e-08j,1.297176747186819553e-06-2.235681237014537355e-08j,-8.814901339953947954e-06+2.597319344976213065e-07j
-1.855001353124986023e-06+9.272427228131947859e-08j,-2.007425368979608270e-07+4.753336228440092647e-11j,1.411130769874921342e-06-2.354326329236311853e-08j,-2.007425368979608270e-07+4.753336228440092647e-11j,-2.053994228066976982e-06+1.041586778198153760e-07j,1.302190626071344404e-06-1.793893167625912143e-08j,1.411130769874921342e-06-2.354326329236311853e-08j,1.302190626071344404e-06-1.793893167625912143e-08j,-8.869239124085412024e-06+2.080088384779623631e-07j
-1.871276305866340959e-06+6.906443549538149372e-08j,-2.007019021298935163e-07+1.459721760809492424e-10j,1.416137761024492121e-06-1.977114915697136493e-08j,-2.007019021298935163e-07+1.459721760809492424e-10j,-2.073211320899920299e-06+7.764815672129024942e-08j,1.305784527598191761e-06-1.427707598745366242e-08j,1.416137761024492121e-06-1.977114915697136493e-08j,1.305784527598191761e-06-1.427707598745366242e-08j,-8.910760609865985341e-06+1.647216427469602489e-07j
-1.882165014797784431e-06+5.139746199148767155e-08j,-2.007310190639848312e-07+2.440137592376604908e-10j,1.420485167157678440e-06-1.677831250656306450e-08j,-2.007310190639848312e-07+2.440137592376604908e-10j,-2.086079826025555097e-06+5.768271277137279658e-08j,1.308514649729757568e-06-1.152020737827176015e-08j,1.420485167157678440e-06-1.677831250656306450e-08j,1.308514649729757568e-06-1.152020737827176015e-08j,-8.942446943897407541e-06+1.308424521011272898e-07j
-1.890117208349123552e-06+3.835799053324215581e-08j,-2.008288483271095484e-07+3.012955987159379916e-10j,1.424494357767296702e-06-1.413445766085056866e-08j,-2.008288483271095484e-07+3.012955987159379916e-10j,-2.095305545461834735e-06+4.289140224500672761e-08j,1.310898220961265419e-06-9.359221129597871250e-09j,1.424494357767296702e-06-1.413445766085056866e-08j,1.310898220961265419e-06-9.359221129597871250e-09j,-8.968607617036234358e-06+1.042389782302573280e-07j
-1.895883202913828247e-06+2.836111928235947508e-08j,-2.009481809871308980e-07+3.023237511488349144e-10j,1.427817269828001152e-06-1.147792068599759724e-08j,-2.009481809871308980e-07+3.023237511488349144e-10j,-2.101837754165173845e-06+3.160629045916133898e-08j,1.312888393121067789e-06-7.446339669464367188e-09j,1.427817269828001152e-06-1.147792068599759724e-08j,1.312888393121067789e-06-7.446339669464367188e-09j,-8.989553719410573615e-06+8.158776786573003912e-08j
-1.899517793928397284e-06+2.080293796459976789e-08j,-2.010427207768898833e-07+2.715257695141560546e-10j,1.430030194923167567e-06-9.055523080816322050e-09j,-2.010427207768898833e-07+2.715257695141560546e-10j,-2.105882029670368513e-06+2.315308340726375656e-08j,1.314251226103181484e-06-5.806505034126594002e-09j,1.430030194923167567e-06-9.055523080816322050e-09j,1.314251226103181484e-06-5.806505034126594002e-09j,-9.003690420896110307e-06+6.267247373832032054e-08j
