1.891306295086334591e-13,6.547178103157128518e-14,1.600443823553835279e-13,6.547178103157128518e-14,2.653401345760356709e-13,1.461741282488449626e-16,1.600443823553835279e-13,1.461741282488449626e-16,2.204274552360401690e-13
1.889819482754897789e-11,1.447147271309346683e-12,2.055622459976196874e-11,1.447147271309346683e-12,1.890554951877509883e-11,1.807709572851814146e-11,2.055622459976196874e-11,1.807709572851814146e-11,2.702511676081332785e-11
6.853144779358628418e-11,5.083836031869779014e-12,7.424972680959893935e-11,5.083836031869779014e-12,6.838872741523575373e-11,6.530844426551984415e-11,7.424972680959893935e-11,6.530844426551984415e-11,9.782425716956216374e-11
5.796911926741279333e-11,4.309296444360930632e-12,6.282898643011013765e-11,4.309296444360930632e-12,5.785766450376307103e-11,5.526812369865014413e-11,6.282898643011013765e-11,5.526812369865014413e-11,8.276253586912962007e-11
5.884118669597916928e-11,4.379608050688580443e-12,6.379275766690536235e-11,4.379608050688580443e-12,5.872877505338074135e-11,5.612358248967500162e-11,6.379275766690536235e-11,5.612358248967500162e-11,8.402035735797202963e-11
2.968765868382245945e-09,2.177001062383647386e-10,3.212826484580508500e-09,2.177001062383647386e-10,2.960198702976226628e-09,2.827016760625433397e-09,3.212826484580508500e-09,2.827016760625433397e-09,4.235812715327445518e-09
1.797038256009981254e-08,1.319027018281093980e-09,1.945861766512019368e-08,1.319027018281093980e-09,1.791900910571117368e-08,1.713049109528872788e-08,1.945861766512019368e-08,1.713049109528872788e-08,2.564924761492413465e-08
1.231867376407745636e-08,9.067919978311288616e-10,1.335789440152447136e-08,9.067919978311288616e-10,1.228465625650931181e-08,1.177373982510338296e-08,1.335789440152447136e-08,1.177373982510338296e-08,1.759814561834897025e-08
3.418053722946728712e-07,2.531554646503703017e-08,3.717537019849241494e-07,2.531554646503703017e-08,3.409368531938136324e-07,3.284788377884123418e-07,3.717537019849241494e-07,3.284788377884123418e-07,4.892013226219664904e-07
7.734789918615050209e-06,5.793974096570979168e-07,8.456760137705053918e-06,5.793974096570979168e-07,7.718347408831138684e-06,7.503633929742494024e-06,8.456760137705053918e-06,7.503633929742494024e-06,1.110587853150438863e-05
2.387597631230098068e-05,1.816885634761928904e-06,2.628572633219224342e-05,1.816885634761928904e-06,2.383943715808667379e-05,2.344681736319112971e-05,2.628572633219224342e-05,2.344681736319112971e-05,3.442663414538688960e-05
3.055059269744028245e-12,3.869816398018090253e-14,1.575759916245713418e-12,3.869816398018090253e-14,3.012144774466634564e-12,1.339154144782605279e-14,1.575759916245713418e-12,1.339154144782605279e-14,3.064099068841631162e-12
3.067172252762394194e-04,2.435589097555224770e-05,3.431179144076836746e-04,2.435589097555224770e-05,3.067840961899249985e-04,3.093967367751604435e-04,3.431179144076836746e-04,3.093967367751604435e-04,4.465318952986809605e-04
1.362922086601274464e-03,1.124648200696189821e-04,1.542719555483034691e-03,1.124648200696189821e-04,1.365578399607826534e-03,1.400007883020980542e-03,1.542719555483034691e-03,1.400007883020980542e-03,1.997956166068062464e-03
8.813811651422529371e-04,7.719719693407706411e-05,1.015017398290019241e-03,7.719719693407706411e-05,8.856670448821497843e-04,9.286688272074011081e-04,1.015017398290019241e-03,9.286688272074011081e-04,1.305065527487423750e-03
4.459585248280425584e-04,4.249245006531400927e-05,5.263672239216042647e-04,4.249245006531400927e-05,4.501741668932965085e-04,4.867275770177991595e-04,5.263672239216042647e-04,4.867275770177991595e-04,6.698489035823633518e-04
7.648808503666109683e-03,8.158699984110055542e-04,9.340763128400944582e-03,8.158699984110055542e-04,7.775011232556666707e-03,8.752967512352820278e-03,9.340763128400944582e-03,8.752967512352820278e-03,1.171997416655978265e-02
1.135734780079010811e-02,1.386732637186770473e-03,1.447430469493580195e-02,1.386732637186770473e-03,1.165762868386749189e-02,1.376426925226283300e-02,1.447430469493580195e-02,1.376426925226283300e-02,1.784603170188515248e-02
1.503170954604210853e-03,2.127324173867122241e-04,2.014469458276010958e-03,2.127324173867122241e-04,1.562809454887475417e-03,1.946182328684551441e-03,2.014469458276010958e-03,1.946182328684551441e-03,2.434452018458724276e-03
7.186367450785269284e-03,1.210065424811449224e-03,1.026718475943598323e-02,1.210065424811449224e-03,7.611508751185317410e-03,1.009925376507304906e-02,1.026718475943598323e-02,1.009925376507304906e-02,1.210589073222816114e-02
2.907265565754403938e-02,6.073957893743778258e-03,4.510309896427321108e-02,6.073957893743778258e-03,3.169289753716870300e-02,4.512415487921109941e-02,4.510309896427321108e-02,4.512415487921109941e-02,5.155704502249822130e-02
1.898199813366144295e-02,5.186963044441132362e-03,3.264849880722775488e-02,5.186963044441132362e-03,2.167236233216943836e-02,3.296404586870686770e-02,3.264849880722775488e-02,3.296404586870686770e-02,3.591135502209662211e-02
1.890801443875005455e-11,1.007145526979530979e-11,2.729965210589891404e-11,1.007145526979530979e-11,2.144719540582513906e-11,1.996029205957856765e-11,2.729965210589891404e-11,1.996029205957856765e-11,2.802097946088373766e-11
1.926404210896561636e-02,1.159329972152040034e-02,4.486043398371492019e-02,1.159329972152040034e-02,2.730477432448204581e-02,4.249196440729191560e-02,4.486043398371492019e-02,4.249196440729191560e-02,4.384387709763454266e-02
3.080124308669992053e-02,2.874641114054104357e-02,8.577521795056541887e-02,2.874641114054104357e-02,5.235272676280341292e-02,7.328831720151486595e-02,8.577521795056541887e-02,7.328831720151486595e-02,7.771770479586799507e-02
8.317300143627425618e-03,1.113232906638740582e-02,2.724398832817273575e-02,1.113232906638740582e-02,1.703960857640498053e-02,2.049672313347768518e-02,2.724398832817273575e-02,2.049672313347768518e-02,2.300839578721705983e-02
2.016952424390644830e-03,3.504889037144124329e-03,7.537453831836568759e-03,3.504889037144124329e-03,4.837388346097356261e-03,5.053305539199390989e-03,7.537453831836568759e-03,5.053305539199390989e-03,6.025064041011094808e-03
1.960756282918694332e-02,4.065081404266584347e-02,8.105073352413945387e-02,4.065081404266584347e-02,5.296521809283744747e-02,5.025347987789348381e-02,8.105073352413945387e-02,5.025347987789348381e-02,6.247845686320007558e-02
2.039863213574754155e-02,4.866570930857160721e-02,9.256378003440213220e-02,4.866570930857160721e-02,6.119433175111055334e-02,5.523354463639247591e-02,9.256378003440213220e-02,5.523354463639247591e-02,6.976946603392975010e-02
2.315584089288412473e-03,6.595721285544907733e-03,1.201324192515373403e-02,6.595721285544907733e-03,8.020423326425397612e-03,7.128066615576544342e-03,1.201324192515373403e-02,7.128066615576544342e-03,8.905943916106738578e-03
1.102509075707543834e-02,4.225226527936779691e-02,7.293893383971745970e-02,4.225226527936779691e-02,4.918440823180566385e-02,4.419277203194606901e-02,7.293893383971745970e-02,4.419277203194606901e-02,5.309897038259279306e-02
4.902888813588322792e-02,3.029263584732459491e-01,4.925125799096750079e-01,3.029263584732459491e-01,3.349999047722110324e-01,3.088128267971874674e-01,4.925125799096750079e-01,3.088128267971874674e-01,3.506236650059968429e-01
3.799815629352751301e-02,4.496131618729501400e-01,6.926150184502427587e-01,4.496131618729501400e-01,4.762519818601286814e-01,4.435591454594749461e-01,6.926150184502427587e-01,4.435591454594749461e-01,4.819716853949428947e-01
4.302835400971378335e-07,3.336033372163579689e-06,3.501641911196765070e-06,3.336033372163579689e-06,3.920608614192446211e-06,3.577864240627282702e-07,3.501641911196765070e-06,3.577864240627282702e-07,2.327028505149596053e-06
7.307805068431452722e-02,3.531600247373269497e+00,4.986925818161279444e+00,3.531600247373269497e+00,3.605766566286507491e+00,2.992173115351387747e+00,4.986925818161279444e+00,2.992173115351387747e+00,3.329652713660763652e+00
1.994887631134229788e-01,1.514987553749612914e+01,2.068201739017001017e+01,1.514987553749612914e+01,1.543263383747109607e+01,1.158075711045472822e+01,2.068201739017001017e+01,1.158075711045472822e+01,1.353674549564174967e+01
1.206199471088057334e-01,1.050568219864013386e+01,1.403404911219805307e+01,1.050568219864013386e+01,1.074489419259633927e+01,7.366745402772327367e+00,1.403404911219805307e+01,7.366745402772327367e+00,9.030486220633815009e+00
8.469958244236773515e-02,6.895542295447630643e+00,9.193824676108377503e+00,6.895542295447630643e+00,7.082126796672096880e+00,4.750009037197599149e+00,9.193824676108377503e+00,4.750009037197599149e+00,5.885905862849244663e+00
3.970793145375341116e+00,2.431761496105288529e+02,3.229625298373552482e+02,2.431761496105288529e+02,2.527623432647799575e+02,1.609143517552481626e+02,3.229625298373552482e+02,1.609143517552481626e+02,2.047649547960267569e+02
3.561578317953200212e+01,1.471025613836430011e+03,1.960246416834317642e+03,1.471025613836430011e+03,1.550958662983401837e+03,9.620362029929705159e+02,1.960246416834317642e+03,9.620362029929705159e+02,1.238699470912866673e+03
2.266918738294002935e+02,5.739312024360809119e+03,7.701606422388044848e+03,5.739312024360809119e+03,6.177670007554235781e+03,3.741460292092446252e+03,7.701606422388044848e+03,3.741460292092446252e+03,4.876477809824736141e+03
1.190410800771898266e+03,1.852124502143427890e+04,2.510422420215414968e+04,1.852124502143427890e+04,2.048869584425438006e+04,1.206833953066529466e+04,2.510422420215414968e+04,1.206833953066529466e+04,1.603834808336517926e+04
5.040538108870017822e+03,5.425055593571912323e+04,7.432675953723734710e+04,5.425055593571912323e+04,6.161704854409455584e+04,3.534874346388368576e+04,7.432675953723734710e+04,3.534874346388368576e+04,4.815242372740955761e+04
1.731660769088828238e+04,1.506073243560518895e+05,2.079870807177056849e+05,1.506073243560518895e+05,1.739107713142900902e+05,9.812914428319750004e+04,2.079870807177056849e+05,9.812914428319750004e+04,1.365215644546213734e+05
5.149522535340394825e+04,4.053032324307740782e+05,5.620838111458459171e+05,4.053032324307740782e+05,4.711154026053095586e+05,2.640627484739625361e+05,5.620838111458459171e+05,2.640627484739625361e+05,3.722392979174731299e+05
