2.112849671546933314e-13,4.123038644098390959e-13,4.878053926623606751e-13,4.123038644098390959e-13,6.133138600280206682e-13,5.148040919095314452e-13,4.878053926623606751e-13,5.148040919095314452e-13,4.800113802660146210e-13
6.190548816432217544e-13,2.583044015411870093e-13,6.024867847779569683e-13,2.583044015411870093e-13,8.260920791986624163e-13,6.821806304138801299e-13,6.024867847779569683e-13,6.821806304138801299e-13,8.345487259867233603e-13
1.660447244529639419e-12,1.034671297862721849e-13,8.229349272745713165e-13,1.034671297862721849e-13,1.577095585971917601e-12,5.982899517786442434e-13,8.229349272745713165e-13,5.982899517786442434e-13,1.644347058823136412e-12
1.442805114845274529e-12,8.288670892939083374e-14,4.845089227247534001e-13,8.288670892939083374e-14,1.361385886424948504e-12,1.524493282527528430e-13,4.845089227247534001e-13,1.524493282527528430e-13,1.225377505960034572e-12
1.524172844478348466e-12,6.705696289110127782e-14,6.662142939508402003e-13,6.705696289110127782e-14,1.401350998429464577e-12,4.389537419689879042e-13,6.662142939508402003e-13,4.389537419689879042e-13,1.419085568311252408e-12
6.370424285750952891e-11,2.341943844089454661e-11,6.329557823384838955e-11,2.341943844089454661e-11,7.901836849071056848e-11,2.615749175488430568e-11,6.329557823384838955e-11,2.615749175488430568e-11,8.137004412472964568e-11
3.996718406462037862e-10,1.491498847898464433e-10,4.035134759812219155e-10,1.491498847898464433e-10,4.981440937292627479e-10,1.700081578412982644e-10,4.035134759812219155e-10,1.700081578412982644e-10,5.155820655807329941e-10
3.014113670146973615e-10,1.116533965897515162e-10,3.031494975096318644e-10,1.116533965897515162e-10,3.749828656471405904e-10,1.274301639028399701e-10,3.031494975096318644e-10,1.274301639028399701e-10,3.879568820799611914e-10
1.021061836908404721e-08,3.755574674887694856e-09,1.028847927423222191e-08,3.755574674887694856e-09,1.268661435583467896e-08,4.384859533717912433e-09,1.028847927423222191e-08,4.384859533717912433e-09,1.316765907902072738e-08
3.300358421430010394e-07,1.181361275571609257e-07,3.300045532364441807e-07,1.181361275571609257e-07,4.074866904198911875e-07,1.424087833467339116e-07,3.300045532364441807e-07,1.424087833467339116e-07,4.242462974938090559e-07
1.644071702218282836e-06,5.591301193603979734e-07,1.620320600757387161e-06,5.591301193603979734e-07,2.006410125454774697e-06,7.145693546539849384e-07,1.620320600757387161e-06,7.145693546539849384e-07,2.100601067656340429e-06
5.637418668730190341e-12,4.236797143060275382e-14,3.771300565123533587e-12,4.236797143060275382e-14,5.449032900797389503e-12,1.717077191852946069e-12,3.771300565123533587e-12,1.717077191852946069e-12,6.253469617093801844e-12
5.344196139153047082e-05,1.497231417203504339e-05,5.000633830862606297e-05,1.497231417203504339e-05,6.264719243798356964e-05,2.359177141994027072e-05,5.000633830862606297e-05,2.359177141994027072e-05,6.681533389802893927e-05
3.434181483291140306e-04,8.469083279998198806e-05,3.116137807610557149e-04,8.469083279998198806e-05,3.932779550031035979e-04,1.525903117761009226e-04,3.116137807610557149e-04,1.525903117761009226e-04,4.239577533589506688e-04
2.993102616537107481e-04,6.591782002215590419e-05,2.652090155604322030e-04,6.591782002215590419e-05,3.363664914294552328e-04,1.343539625505086785e-04,2.652090155604322030e-04,1.343539625505086785e-04,3.660595822214025049e-04
1.907383533565248695e-04,3.916267296395152775e-05,1.672156085298754334e-04,3.916267296395152775e-05,2.120171525980255511e-04,8.732218819675122135e-05,1.672156085298754334e-04,8.732218819675122135e-05,2.324892233286324997e-04
3.890116861298573581e-03,7.906789600664161860e-04,3.429428901101188448e-03,7.906789600664161860e-04,4.316432276384807656e-03,1.843320736336679852e-03,3.429428901101188448e-03,1.843320736336679852e-03,4.761175001144223908e-03
6.564377354132900667e-03,1.394419924352632671e-03,5.904620663273140585e-03,1.394419924352632671e-03,7.330463412311435598e-03,3.264455112997274172e-03,5.904620663273140585e-03,3.264455112997274172e-03,8.123063270069504765e-03
9.490146627007472286e-04,2.192907685501106741e-04,8.807592931367763016e-04,2.192907685501106741e-04,1.073949227788933806e-03,4.994130703397428031e-04,8.807592931367763016e-04,4.994130703397428031e-04,1.193775699488649729e-03
4.831377687853588739e-03,1.262754963430489730e-03,4.684052192529261811e-03,1.262754963430489730e-03,5.586914843272027843e-03,2.711826380400226590e-03,4.684052192529261811e-03,2.711826380400226590e-03,6.216378927965707582e-03
2.070170506583255549e-02,6.343699825927375489e-03,2.124984819630117844e-02,6.343699825927375489e-03,2.471319394660520530e-02,1.246514299196052611e-02,2.124984819630117844e-02,1.246514299196052611e-02,2.743370882097648927e-02
1.449004430530350176e-02,5.347006500554658988e-03,1.594425111937100917e-02,5.347006500554658988e-03,1.806415762764278926e-02,9.358183807630666290e-03,1.594425111937100917e-02,9.358183807630666290e-03,1.990550143973125047e-02
2.760552257745492985e-11,8.301796830209569575e-12,2.357540335772189440e-11,8.301796830209569575e-12,3.118296602150733133e-11,5.078284702275562892e-12,2.357540335772189440e-11,5.078284702275562892e-12,2.798715133647177160e-11
1.749643903234372397e-02,1.075253336852982460e-02,2.384682359471035004e-02,1.075253336852982460e-02,2.553362872481266740e-02,1.308384143830826699e-02,2.384682359471035004e-02,1.308384143830826699e-02,2.689676853905769230e-02
2.950018547436718264e-02,2.407713587888973827e-02,4.616967126457788978e-02,2.407713587888973827e-02,4.826488816805397930e-02,2.350113251159738695e-02,4.616967126457788978e-02,2.350113251159738695e-02,4.890569547444464232e-02
8.058734591137326278e-03,8.301905611980511454e-03,1.430540325063721190e-02,8.301905611980511454e-03,1.470746256168162409e-02,6.734605911905201803e-03,1.430540325063721190e-02,6.734605911905201803e-03,1.435026388957700953e-02
1.896221082571254105e-03,2.308723002000954462e-03,3.713259943597214258e-03,2.308723002000954462e-03,3.776565802411216421e-03,1.641595183785039954e-03,3.713259943597214258e-03,1.641595183785039954e-03,3.577678237120871917e-03
1.687167836767183154e-02,2.287467851413578848e-02,3.534788785172994496e-02,2.287467851413578848e-02,3.569029619196650849e-02,1.501124986065661623e-02,3.534788785172994496e-02,1.501124986065661623e-02,3.316841130148882877e-02
1.456453338535630693e-02,2.117813019912060876e-02,3.199699984448638179e-02,2.117813019912060876e-02,3.210066490507972048e-02,1.331740837108228229e-02,3.199699984448638179e-02,1.331740837108228229e-02,2.950354157046169642e-02
1.211445906128314105e-03,1.856418570421259793e-03,2.769066794597390205e-03,1.856418570421259793e-03,2.756165977997143864e-03,1.146653100921625305e-03,2.769066794597390205e-03,1.146653100921625305e-03,2.519127791069468523e-03
3.950325489214987287e-03,6.296918700900071796e-03,9.363496355263409635e-03,6.296918700900071796e-03,9.209388182931137895e-03,3.925360938549036366e-03,9.363496355263409635e-03,3.925360938549036366e-03,8.427453491580369840e-03
1.276293802166169992e-02,2.097095663368139101e-02,3.156148921624472858e-02,2.097095663368139101e-02,3.032670912599647051e-02,1.384321844618687479e-02,3.156148921624472858e-02,1.384321844618687479e-02,2.813929607426542481e-02
8.285537339981947913e-03,1.407177440522689241e-02,2.203984359109433314e-02,1.407177440522689241e-02,2.010803280447153590e-02,1.078686877291471814e-02,2.203984359109433314e-02,1.078686877291471814e-02,1.944182074514950315e-02
4.090269310339887206e-07,2.962217972416037557e-07,2.075883718633611050e-06,2.962217972416037557e-07,8.431108116802369804e-07,3.191106862380106397e-06,2.075883718633611050e-06,3.191106862380106397e-06,2.283449601896860783e-06
1.582098431651220855e-02,3.100428096017729743e-02,6.502588440715391382e-02,3.100428096017729743e-02,4.220127471788771151e-02,5.367723837799203562e-02,6.502588440715391382e-02,5.367723837799203562e-02,5.659931646665166544e-02
4.291403541473148148e-02,9.347025910985369557e-02,2.760988638828656971e-01,9.347025910985369557e-02,1.229908075738076478e-01,3.171833593425113507e-01,2.760988638828656971e-01,3.171833593425113507e-01,2.485884279760118276e-01
2.250211910708787080e-02,5.131918762125039363e-02,2.604496607439094058e-01,5.131918762125039363e-02,6.641519105486429209e-02,3.933509350511409375e-01,2.604496607439094058e-01,3.933509350511409375e-01,2.512687674213108235e-01
1.385301050535221040e-02,2.886536950620267883e-02,3.029497340232924496e-01,2.886536950620267883e-02,3.827869663399969397e-02,5.362807854697703158e-01,3.029497340232924496e-01,5.362807854697703158e-01,3.058570773766289275e-01
5.229436955160468026e-01,7.835249085414353054e-01,1.912811536245574828e+01,7.835249085414353054e-01,1.159719807182956419e+00,3.674289959301110997e+01,1.912811536245574828e+01,3.674289959301110997e+01,2.007036352319289918e+01
4.125848759242590980e+00,3.843846310474931194e+00,1.913547700441462496e+02,3.843846310474931194e+00,6.951960810677159763e+00,3.780353027919322244e+02,1.913547700441462496e+02,3.780353027919322244e+02,2.033803592440598322e+02
2.138328265780509696e+01,1.437611457398097770e+01,1.032838987576798445e+03,1.437611457398097770e+01,3.044524048704958830e+01,2.054907100150089718e+03,1.032838987576798445e+03,2.054907100150089718e+03,1.101734965298012412e+03
8.379689790292142959e+01,5.122118808251822486e+01,3.923021464339532486e+03,5.122118808251822486e+01,1.129143350394164997e+02,7.803518664515364435e+03,3.923021464339532486e+03,7.803518664515364435e+03,4.187120854441146548e+03
2.738743453070113105e+02,1.690758545303612834e+02,1.227444176762074130e+04,1.690758545303612834e+02,3.669976289517090891e+02,2.436363580772608839e+04,1.227444176762074130e+04,2.436363580772608839e+04,1.309861411762270109e+04
8.062536887706936568e+02,5.137460129401920312e+02,3.483485268897716742e+04,5.137460129401920312e+02,1.088933413649274598e+03,6.899485015366521839e+04,3.483485268897716742e+04,6.899485015366521839e+04,3.716464389671498793e+04
2.239684479831289082e+03,1.467679146663292158e+03,9.427640518122847425e+04,1.467679146663292158e+03,3.052288411129012729e+03,1.864171160046980949e+05,9.427640518122847425e+04,1.864171160046980949e+05,1.005611625973867049e+05
